30159
30834
29113
27275
25269
24187
24180
24725
25105
26971
30284
33457
36017
36946
36957
36863
38223
40471
40153
38418
36556
34347
31762
29314
27498
27640
26458
25723
24535
24618
27216
31848
35616
38621
40198
40530
40760
40805
40884
41233
43698
47870
48004
45968
42805
39647
35758
32075
29625
29337
27927
26942
25623
25568
27803
32368
36372
39236
40751
41193
42125
42383
42460
42321
43954
47653
47502
45470
42382
39183
35822
32758
30501
30185
28706
27802
26636
26309
27443
29573
32232
35892
38637
40144
40762
40750
40489
40340
41969
45685
45922
43952
41356
38676
35944
33498
31534
31203
29538
28531
27214
26635
27032
28125
29506
32567
36227
38556
40388
41326
40850
40716
42498
45355
45053
43046
40571
37703
34407
30983
28736
28795
27748
27066
26071
26245
29488
36434
41211
42361
42983
43149
43373
43384
43385
43305
45486
49347
49114
47288
44464
41127
36849
32653
29926
29965
28777
28043
27119
27250
30309
37416
42323
43022
43819
43572
43392
43066
43158
43042
45520
49761
49544
47584
44760
41290
37083
32978
30270
30415
29279
28517
27406
27536
30615
37947
42861
43219
43536
43544
43830
44154
44415
44599
47219
50471
50408
49017
46153
42665
38295
34224
31692
31522
30374
29471
28226
28404
31383
38406
43210
43576
43985
43942
43785
43440
43302
43583
45608
50068
50288
49025
46250
42567
38262
34337
31800
31887
30756
29987
29082
29175
31995
39352
44059
44542
45007
44855
44759
44322
44188
44058
46062
49543
49364
47350
44297
41119
37445
34266
32030
31794
30177
29301
27771
27225
28172
30573
33685
37067
39076
39485
39105
38362
37785
37782
39620
44942
46206
44835
42021
39502
36721
34184
32259
31947
30347
29558
28180
27441
27657
28765
30503
34003
37344
39480
40672
41256
41629
42226
43971
46826
46240
44170
42032
38821
35245
31904
29535
29872
28925
28389
27571
27720
31211
39052
43949
44552
45209
44973
44932
44791
44951
45307
47533
50488
50213
49381
46998
43529
39210
35153
32187
32447
31424
30949
29912
30092
33402
40858
45696
46218
46425
46100
46044
45794
45675
45625
47496
50865
50864
49980
47515
43889
39282
34732
31835
31781
30753
30136
29038
29042
32167
39350
44269
44734
45143
45181
45300
44917
44652
44455
46283
49860
49921
48561
46071
42784
38497
34364
31801
31834
30674
29977
28812
28956
32023
39293
44198
44448
44694
44425
44525
44296
44289
44395
46597
50603
50793
48924
46277
42736
38365
34214
31664
31584
30443
29676
28500
28467
31618
38886
43929
44442
44887
44705
44791
44368
44141
43651
45111
49292
49587
47882
44946
41315
37709
34415
32159
31888
30199
29206
27814
27219
28117
30676
33654
37261
39495
40164
40386
39828
39015
38685
39787
43916
44974
43015
40147
37549
34819
32478
30610
30153
28556
27637
26224
25668
26300
27896
29834
33499
36512
38135
38889
38927
38306
38201
39794
44831
46056
44522
42352
39596
36289
32732
30521
30743
29878
29399
28463
28663
32030
39925
45144
46160
46643
46472
46255
45780
45371
45049
46382
50175
50865
50336
47533
44175
39829
35386
32723
32756
31607
31108
29988
29993
33134
40425
44934
45500
46214
46199
46129
45792
45420
45087
46755
49893
50111
49344
47027
43390
38891
34396
31740
31769
30852
30217
29153
28974
32266
39737
44460
44946
45593
45508
45423
44973
44529
44356
45877
49537
50216
49225
46791
43308
39083
34993
32139
32182
31097
30360
29021
28948
31996
39078
43728
44370
45180
45194
44937
43599
43297
44066
45881
50408
51035
49791
47209
43898
39619
35661
33039
33049
31959
31311
30275
30151
33084
40364
44902
45768
46398
46270
46369
45749
45403
45133
46373
49701
49570
47677
44755
41315
37431
34011
31851
31664
30206
29237
27900
27317
28219
30605
33482
36776
38608
38836
38670
38190
38093
38123
39114
43089
44603
42754
39947
37533
34854
32504
30904
30961
29481
28711
27269
26280
26381
27664
29454
33133
37460
40104
41644
41434
40407
39910
40459
44174
45556
44036
41841
38898
35540
31891
29745
30000
29068
28725
27719
27967
31303
38835
44058
45166
45848
45733
45680
45305
45284
45238
46572
49702
50387
49469
46902
43114
38595
34102
31426
31426
30472
29932
28770
28701
32013
39498
44128
44681
45311
45280
45422
45446
45572
45418
46865
49760
50517
49604
46822
43361
39019
34568
31762
31912
30787
30172
28974
29027
32361
39799
44350
44777
45701
46330
46683
46710
46545
46271
47551
50080
50436
49514
47410
43857
39474
35371
32714
32564
31561
31126
30134
30226
33349
40679
45846
46641
47477
47549
47692
47698
47655
47357
48540
50840
51108
50314
48191
44761
40236
35772
33060
32906
31840
31408
30168
29958
32883
39973
44190
44828
45626
46253
46839
46706
46522
46034
47143
49925
50040
47948
44972
41241
37598
34149
31788
31529
30027
29314
27966
27609
28511
30902
33414
37015
38551
38506
38614
38443
38097
38023
39007
42911
45215
43404
40259
37460
34563
32167
30325
30136
28574
27579
26190
25669
25989
27403
29001
32454
35136
36497
37363
37394
36812
37025
38426
42340
45097
43441
41443
38495
35035
31576
29245
29607
28631
28069
26876
27020
30487
38097
42187
43158
43994
44191
44619
44418
44273
44052
45102
48564
49930
48606
46107
42625
38153
33939
31491
31789
30912
30483
29465
29627
32800
39975
43713
44225
44556
44154
44038
43693
43516
43469
44907
48348
49970
48774
46190
42341
37776
33021
30396
30603
29450
29057
27904
28028
31119
38536
42470
43279
44155
44848
45086
45497
45353
44977
46176
49277
50535
49098
46272
42410
37777
33487
30855
30927
30139
29624
28537
28584
31722
38911
42846
43888
44821
45237
45789
45899
46061
46119
47670
50342
50796
49746
47279
43681
39277
35196
32529
32583
31416
30724
29576
29598
32668
39722
43763
44798
45012
44367
43746
42977
42341
41908
42983
46566
49277
47531
44233
40590
36676
33229
30934
30689
29044
28029
26627
25818
27274
29864
32469
35626
37440
38073
38267
37969
37611
37224
38411
41871
44252
42640
39943
37310
34316
31877
30055
29913
28447
27565
26143
25590
26022
27458
29066
32799
35613
37204
38055
38216
37642
37665
38531
41422
44822
43814
41563
38739
35424
31940
29856
30416
29586
29232
28273
28570
32089
39675
43974
45071
45825
45834
45869
45573
45149
44781
45842
48519
50983
50013
47354
44036
39581
34963
32320
32295
31057
30402
29308
29125
32035
39642
43876
45149
46348
46553
46406
45264
44132
43348
44677
47627
50125
49269
46813
43465
38896
34386
31678
31867
30795
30292
29306
29455
32744
40026
43814
45278
46257
46733
47230
47184
47409
46701
47400
49537
51218
50096
47609
43824
39458
35063
32209
32124
31024
30510
29405
29388
32636
39967
43845
44664
44882
44707
44479
43827
43461
43231
44406
46854
49829
49150
46751
43155
39047
34833
32299
32447
31473
31209
30236
30370
33360
40347
44483
46200
46855
47303
47643
47201
46782
46223
46533
47959
49229
47629
44526
40770
37004
34027
31971
31960
30619
29783
28190
27479
28285
30477
32983
36771
38812
39229
39191
38709
38017
37599
37703
40307
44200
43231
40326
37775
34847
32573
30777
30819
29359
28548
27534
26894
27344
28690
30212
33418
35715
36524
36958
37017
36528
36542
37607
40587
44526
44070
41931
39305
36117
32944
30867
31109
30174
29530
28540
28595
31709
37512
41655
44806
45818
46153
46402
45993
45626
45290
45525
47859
50234
48929
46069
42491
38161
34237
31637
31892
30961
30185
29120
29246
32163
37824
41401
44036
44635
44486
44624
44376
44135
43919
44405
46517
49800
49122
46415
43124
38911
34640
32138
32181
31019
30280
29287
29248
32266
37985
41738
44002
44554
44455
44371
44157
44009
43856
44400
46361
49160
48086
45332
41845
37686
33607
30800
30491
29140
28156
26925
26820
29723
35318
39099
41372
42094
42073
42137
41961
41411
41240
41921
44024
47442
47392
44657
41458
37663
33854
31192
31133
29871
29165
28123
28054
31071
36180
39501
41732
41893
41664
41716
41296
40927
40434
40512
42702
46073
45728
42737
39265
35788
32574
30359
30404
29059
28202
26846
26386
27632
30046
32789
35845
36900
36716
36451
35606
34900
34882
35699
38402
42529
41648
38512
35988
33156
30527
28723
28512
26912
25917
24338
23764
24322
25713
27456
31178
34136
36030
37253
37736
36969
36563
37151
39021
41902
41235
39208
36595
33420
30093
27980
28315
27411
26788
25907
26238
29880
36960
40790
42162
42689
42664
42476
42003
41744
41715
42647
45448
48126
47319
44280
40774
36243
31888
29327
29439
28412
27653
26853
27153
30382
37170
40519
41553
41982
41786
41701
41333
41176
41104
42344
44698
47834
47811
45261
41999
37429
33206
30743
30867
29846
29211
28206
28486
31652
38292
41417
42050
42045
41823
41971
41602
41279
40895
41975
44192
47725
48000
45416
41851
37553
33181
30307
30358
29149
28324
27088
27362
30838
37689
41495
42181
42307
42257
42015
41572
41698
41549
42579
45022
48264
48858
46295
42942
38799
34706
32266
32182
30972
30489
29460
29512
32620
39075
43009
44227
44876
44661
44424
43664
43072
42527
43219
45147
47594
47616
44825
41645
37836
34749
32460
32322
30968
30059
28713
28161
29415
31836
34746
38002
39140
38934
38563
37869
37051
36461
36765
39029
43204
43642
40667
37873
34968
32044
29615
30024
28483
27507
26083
25566
26208
27354
29358
32717
35248
36615
37621
38061
37815
37993
38862
41068
43083
42756
40703
37893
34671
31360
29361
29881
29142
28733
27816
28178
31736
38381
42020
43314
43644
43605
43701
43507
43278
42949
43802
45837
48479
49489
46812
43278
38751
34517
31954
32085
30891
30279
29223
29391
32645
39192
42724
43419
43261
42994
42918
42702
42585
42273
43066
44916
47365
48719
46758
43217
38801
34586
32039
32147
31139
30535
29544
29761
33336
39598
42921
43589
43550
43115
42979
42343
41884
41576
42659
44578
47227
47950
45330
41492
37051
32840
30298
30438
29383
28754
27708
27971
31419
37717
41462
42473
42769
42902
42996
42428
42068
41759
42755
44699
46726
47138
44554
41169
36840
32623
30001
29886
28599
27687
26698
26792
29926
36362
40405
41432
41935
41497
40864
39577
38762
38122
38695
40851
44068
45763
43299
40040
36351
32854
30738
30110
28451
27385
25964
25520
26407
28592
32001
35243
36201
35896
35428
34318
33336
32719
32966
35026
38694
40175
37841
35303
32634
30117
28287
27927
26368
25475
24284
23938
24710
25813
28045
31179
33059
33648
33816
33465
32820
32788
33644
35782
39070
41133
39483
36870
33742
30214
28022
28140
27093
26481
25782
26260
29772
35945
39822
40515
40682
40484
40556
40281
39974
39766
40761
42988
45253
47113
44666
41305
36941
32589
30126
30062
28958
28266
27587
27774
31195
37498
41408
42288
42522
42267
42035
41564
40977
40646
41436
43152
45078
47372
45309
42089
37754
33329
30687
30647
29527
29013
28167
28647
31885
38055
41867
42770
42842
42270
41826
41009
40259
39799
40678
42656
44980
47584
45378
42050
37790
33604
30814
30685
29513
28737
27800
28144
31488
37711
41630
42449
42561
41687
41588
40920
40610
40009
40892
42714
44919
47401
45177
41850
37769
33607
30874
30633
29448
28671
27754
27864
31028
36984
40934
41846
41976
41256
40574
39572
38861
38340
39100
40731
42863
43930
41313
38078
34577
31249
28898
28362
26842
25817
24766
24630
25818
28284
31521
34570
35421
34782
34242
33361
32480
32032
32339
34305
37046
39482
37516
34872
31913
29360
27496
27015
25318
24285
23282
23074
23645
25126
27276
30010
31617
32092
32357
32165
31285
31156
32250
34182
36718
39575
38084
35530
32303
28734
26464
26559
25431
24845
24219
24860
28253
34570
38724
39736
40030
40090
40000
39418
38882
38593
39777
41669
43249
45016
43154
39866
35737
31546
28930
28723
27342
26599
25761
25998
28955
34986
38829
39852
40178
40059
40115
39616
39027
38652
39456
41159
42580
44740
42689
39389
35220
30699
28279
28036
26898
26132
25249
25609
28892
35049
38923
39746
39788
39581
39199
38691
38194
37778
38599
40093
41282
44252
42290
39310
35357
30974
28234
27993
26668
25900
24926
25254
28100
34238
38044
39170
39384
39198
39266
39214
39164
39231
40779
42550
43786
45158
43277
40109
35939
31844
29085
29008
27923
27315
26502
26822
29654
35893
39241
39318
38975
38792
38751
38056
37550
37089
37885
39869
41171
43554
41411
38381
34905
31485
29391
29102
27804
27020
26024
25843
26673
28993
31995
34619
35392
35276
35301
34819
34177
33779
34342
36292
38435
40655
38958
36607
33800
31301
29208
28747
27250
26434
25188
24887
25025
26399
28480
31383
33430
34458
35101
35061
34441
34177
35104
36890
38672
41788
41069
38695
35143
31431
29313
29516
28721
28287
27405
27848
30779
37121
40403
41077
41000
40533
40371
39865
39512
39203
40233
42345
43796
46075
43958
40463
36147
31881
29119
29222
28104
27747
27051
27635
30690
37372
41400
42543
42957
43049
43288
42982
42649
42363
43252
44887
45622
47339
45614
42291
38080
33787
31102
31008
29917
29247
28315
28606
31319
37292
41286
42642
42729
42433
42434
42151
42099
42218
43405
45292
46017
47725
46112
42737
38501
34122
31309
31189
30009
29384
28404
28518
31303
37515
41196
41869
42152
42057
42238
42105
42079
41601
42571
44381
45523
47185
45367
41787
37664
33465
30887
30798
29587
28964
27972
28177
30857
37132
41380
42426
42627
42298
42017
41211
40567
40057
40745
42395
43120
44842
43132
39998
36224
32750
30489
30050
28488
27562
26361
26233
26797
29561
32747
35290
35666
35200
34399
33192
32102
31479
31830
33818
36158
38726
37549
35233
32779
30023
27946
26729
24496
25199
24489
24653
25453
27716
30349
32790
33737
33817
33418
32408
32048
32343
33268
34034
35028
37351
36624
33867
30058
26754
25712
26745
26281
25710
25761
28755
34694
39921
40669
41106
40915
40775
40422
39946
39611
40390
41410
41575
41570
42268
40309
36402
31899
28286
27043
27782
27311
26567
26840
29711
35848
40224
40597
40799
40364
39930
39101
38396
37911
38750
40111
40229
40081
41464
39966
36102
31432
27668
26413
27025
26354
25648
25925
28916
35020
39718
40250
40401
40421
40474
40069
39617
39133
40129
41348
41232
40821
41601
39762
35871
31252
27531
26322
27108
26493
25856
25981
29073
35168
39961
40569
40947
40833
40958
40524
40171
40029
40815
42205
42397
42162
42492
40619
36676
31932
28269
26989
27543
27089
26459
26618
29513
35798
40513
41152
41388
41250
41143
40384
39609
38953
38960
39633
39454
39063
39694
38718
35301
31551
28121
26600
26834
25941
25153
24728
25614
27825
31519
34165
35351
35416
35259
34724
33741
33061
33225
34641
35807
35994
36122
34792
32058
29000
26003
24616
24756
23739
22839
22323
22665
23787
26377
29169
31802
33098
33782
33689
32921
32613
32977
33916
34356
34621
35473
35056
32289
28995
25693
24723
25731
25298
24768
24993
27917
33368
38049
40168
40965
41113
41582
41311
40638
40172
40498
41330
40978
40130
40606
39629
35788
31151
27267
25801
26507
25753
25034
25188
27989
33428
37531
38439
38451
38273
38286
37741
37228
36700
37217
38570
38788
38789
40055
39896
36260
31660
27773
26419
26951
26481
25955
26075
28612
34161
38202
39343
39161
38618
38454
38011
37626
37365
37740
39020
39273
39091
40026
39571
36013
31539
27707
26494
26943
26317
25810
26068
28855
34049
38222
39329
29956
30318
38682
38382
38043
37828
38191
39372
39645
39314
39838
39486
35955
31855
28253
26705
27142
26610
25909
26082
28582
33676
38012
39270
39066
38440
38165
37314
36385
35694
35731
36734
37070
37051
37689
37387
34416
30454
27115
25568
25654
24745
23762
23432
24165
26589
29989
32666
33643
33720
33381
32449
31441
30926
31102
32685
33632
33423
33870
33838
31761
28812
26030
24393
24585
23879
23159
22743
22933
24240
26686
28893
30576
31288
31415
30977
29762
29140
29471
30641
31372
31782
33047
33671
31224
27650
24407
23130
23761
23405
23085
23757
26471
31599
35876
37309
37417
37395
37345
36772
36169
35835
36089
37408
37812
37650
38210
39028
35736
30948
27859
26325
26754
26259
25805
26067
28343
33048
37227
38630
38247
37628
37218
36457
35765
35397
35730
37018
37450
37415
37808
38407
35274
30783
27015
25672
26179
25506
25159
25574
27765
32748
36648
37918
37663
37061
36483
35756
35269
34895
35313
36626
37118
37097
37541
37740
34434
30484
26356
25240
25389
24775
24247
24444
26594
31340
35379
36866
37003
36936
36875
36533
36298
36018
36203
37203
37256
37249
37244
37128
34392
30767
27203
25584
25935
25278
24626
24427
25183
27596
30468
32102
32901
32605
32420
31721
30744
30006
30311
31927
33128
33596
33844
35127
32786
29596
26443
25131
25337
24581
23955
23765
24143
26225
29196
31109
32074
32068
31618
30815
29906
29327
29368
30741
31792
31915
32057
33532
31440
28557
25616
24177
24249
23380
22801
22420
22003
23212
25708
28189
30672
32043
32814
32797
31628
30996
30981
31709
31751
31468
31694
32402
30708
27920
24803
23692
24036
23501
22970
22663
23089
24991
27581
29732
31163
31275
30949
30379
29512
29223
30065
32255
33707
34168
34470
34444
31801
28110
24718
23654
24104
23584
23019
23191
25795
31533
36607
38351
38977
39364
39591
39393
38756
38311
38705
39750
39682
39299
38738
38436
34916
30488
26781
25468
25846
25175
24526
24977
27074
32960
37161
38094
38007
37954
37879
37686
37493
37389
38443
39913
39954
39482
39124
38847
35378
31032
27331
25955
26282
25633
25259
25591
27654
33528
37830
38733
38869
38547
38337
37696
37184
36801
37313
38476
38502
37930
37727
38623
35575
31043
27356
25854
25977
25428
24805
25065
27214
33065
38011
39507
39954
40006
40317
40007
39576
39076
39528
40784
40676
39523
38275
37320
34212
30443
27018
25356
25200
24164
23492
23258
23640
26162
29528
32411
33581
33586
33305
32401
31197
30448
30509
31927
33039
33025
32590
33460
31645
29008
26033
24623
24646
23711
23014
22558
22354
23857
26495
29336
31670
32839
33426
33155
32732
32334
32724
34130
34640
34758
34904
35366
33039
29251
25880
24617
25045
24578
24122
24587
27134
33827
38376
39204
39564
39446
39340
38814
38296
37714
38434
39568
39497
38708
38286
38882
35668
31128
27344
26010
26331
25635
25203
25505
27699
33983
38406
39057
39346
39135
38928
38192
37674
37330
38114
39525
39379
38777
38234
38544
35750
31128
27417
26022
26296
25666
25085
25356
27558
33901
38304
38867
38960
38508
38235
37722
37313
36932
37897
39085
38925
38287
37741
38068
35267
30738
27023
25621
25796
25101
24649
24966
27203
33608
38398
39346
39698
39745
40140
39705
39171
38665
39387
40542
40254
39732
38967
38664
35750
31318
27497
25895
26163
25582
25127
25261
27469
33553
38393
39149
39432
39296
39220
38583
37937
37375
37706
38547
38424
37663
36571
36840
34784
31208
27726
26112
26122
25389
24927
24454
24698
27299
30608
33170
33843
33397
32844
31795
30576
29824
30136
31642
32950
33217
33000
33767
32302
29251
26264
24781
24589
23654
22965
22597
22291
23790
26321
28725
30423
30953
31186
30701
29620
29114
29441
30676
31468
31540
31598
32437
31353
28359
25313
23955
24006
23236
22713
22471
22631
24986
27472
29719
31043
31047
30786
30539
29946
29673
30406
32590
34159
34235
33962
34158
31695
27896
24528
23371
23673
23272
22861
23112
25629
32213
36424
36824
36946
36884
36792
36292
35733
35296
36218
37699
37604
36836
36326
36097
33670
29259
25661
24310
24286
23702
23118
23352
25559
31864
36062
36527
36648
36735
37019
36699
36279
35859
36887
38370
38275
37527
36702
36430
34066
29419
25794
24262
24355
23785
23479
23987
26569
33157
37727
38885
39802
39920
40078
39844
39367
38984
40138
41447
40840
39520
38153
37627
35073
30482
26479
24761
24798
24026
23448
23594
25834
31793
36053
36869
36895
36590
36419
35546
34792
33971
34251
35355
35351
35032
34610
34813
33301
29930
26433
24942
24758
23799
23024
22464
22761
25276
29008
31740
32874
32792
32571
31861
30759
30266
30544
31861
32898
32721
31873
31874
30707
27997
25170
23484
23133
22220
21446
20858
20750
22487
25105
27969
30569
31724
32427
32222
31172
30664
31111
32247
32968
32944
32868
33088
31835
28111
24748
23439
23804
23447
23191
23248
25776
32585
37002
37671
38305
38408
38469
38002
37520
36973
37580
38892
38714
38136
37224
37084
35090
30779
26890
25616
25712
25104
24678
24675
26824
33260
37465
38092
38152
38181
38304
37824
37237
36876
37597
38776
38601
37757
36956
36627
35148
30718
26873
25331
25323
24751
24431
24296
26787
33110
36981
37324
37214
36890
36904
36495
35999
35584
36239
37351
37253
36848
36023
36014
34667
30486
26658
25073
24869
24311
24092
24087
26404
32486
36544
36924
36861
36779
36890
36499
36074
35637
36376
37519
37429
36803
35908
35920
34619
30408
26590
24901
24615
23992
23641
23498
25865
31793
35802
36352
36383
35952
35945
35562
35001
34367
34661
35646
35336
34454
33368
33203
32708
29345
26092
24304
23630
22745
22295
21696
22475
25239
28761
31308
31953
31415
30799
29914
28935
28362
28534
29804
30605
30442
29935
29896
29989
27350
24436
22834
21992
21116
20573
19767
19990
21635
24256
26823
28444
28929
29050
28709
27917
27491
28046
29413
30372
30815
30859
31139
30870
27383
24090
22738
22485
21899
21835
21740
24270
30439
34940
36070
36446
36485
36713
36377
35954
35732
36406
37360
36965
36141
35171
34757
33546
29642
26068
24195
23622
22908
22735
22750
25240
31056
35826
37047
37700
37709
37716
37176
36778
36542
37407
38525
38327
37219
36218
35523
33965
29955
26284
24540
24049
23418
23250
23110
25528
31456
35589
36262
36456
36328
36416
35977
35700
35489
36200
37502
37208
36203
35371
34580
33854
29892
26263
24598
23972
23300
22975
22938
25299
31214
35647
36920
37431
37833
38211
37957
37630
37119
37678
38900
38380
37568
36309
35403
34042
29786
25954
23925
23404
22755
22524
22352
24714
30625
35351
36848
37295
37341
36369
36681
36094
34805
35689
36373
36297
35568
34486
33482
32557
29349
26024
24136
23490
22545
22256
21621
22453
25194
28780
31771
33234
33435
33166
32345
31579
31083
31256
32164
32897
32526
31614
31007
30632
28144
25111
23271
22611
21627
21202
20421
20609
22130
24554
27343
29486
30558
31052
30746
29697
29109
29352
30372
30717
30691
30097
30076
30201
27990
24842
23117
22643
21897
21556
20915
21642
23948
26714
29375
31196
31789
31884
31709
31178
30878
31554
33362
34265
33905
32866
32110
31621
28482
24925
23251
22907
22272
21999
21974
24191
29422
34013
36521
37443
37750
37976
37817
37491
37058
37487
38611
38593
37804
36174
35018
33503
29725
25909
24253
23910
23156
22866
22753
24878
29836
34780
37336
38225
38564
38826
38435
37916
37599
38162
39301
39369
38527
37111
35676
34035
29828
25959
24327
23972
23385
23182
23033
25060
30177
34758
37113
38052
38126
38260
37923
37473
37201
37533
38281
38186
37625
36168
35089
34009
30407
26631
24723
24345
23650
23314
22968
25205
30285
34711
37243
37868
37859
37931
37407
36726
36136
36043
36590
36580
35851
34574
33447
32964
30030
26751
24752
24064
23093
22563
21752
22614
25218
28559
31446
32404
32404
32180
31619
30611
30080
30106
31356
32189
31858
30836
30098
30098
28096
25271
23477
22770
21929
21345
20269
20567
21975
24325
27090
29087
29979
30343
30036
29352
29014
29394
30645
31357
31377
31123
30895
30718
27518
24167
22601
22360
21817
21710
21552
24161
30140
34632
36227
36896
37123
37354
37044
36776
36616
37223
38404
38114
37080
36136
34999
33804
29911
26309
24509
23975
23354
23185
22973
25518
31534
35996
37167
37670
37695
37909
37308
36704
36330
37191
38374
38242
37277
36203
35179
33785
30190
26327
24513
24083
23522
23352
23232
25732
31689
36315
37509
38080
38409
38521
38207
37598
37235
38100
39099
38514
37175
36110
34926
33657
29810
26017
24368
23874
23224
23035
22659
24942
30902
35093
35904
36327
36319
36456
35964
35262
34730
35390
36485
36376
35708
34841
33925
33416
30104
26327
24489
24042
23402
23082
22622
25198
30888
35138
36169
36374
36160
35935
35274
34574
33623
34036
34761
34481
33725
32464
31503
31165
28690
25515
23455
22629
21701
21179
20392
21251
23813
27544
31213
32782
33031
32863
31942
30755
30028
30095
31289
31971
31595
30416
29398
29782
27968
25031
22921
21843
20935
20453
19502
19818
21269
23925
26686
28524
29232
29607
29359
28653
28414
29034
30382
31040
30998
30521
30114
30322
27738
24299
22630
22183
21638
21387
21240
23897
30236
34825
36016
36593
37123
37379
37070
36736
36510
37269
38080
38077
37206
35902
34544
33439
29797
26117
24366
23623
22945
22806
22460
24912
30596
34983
35819
36054
36183
36233
35610
35120
34822
35696
36851
36336
35367
34338
33176
32611
29235
25409
23566
22870
22303
22141
21995
24778
30505
34951
36058
36432
36589
36332
36025
35675
35480
36254
37178
36866
35908
34802
33586
33069
30116
26403
24364
23601
22968
22673
22345
25012
30861
35111
36132
36449
36523
36681
36340
35942
35613
36382
37232
36915
36348
35263
34031
33678
30804
26893
24755
23887
23306
23104
22664
25071
30823
35244
36380
36802
36825
36684
36344
35883
35564
35828
36410
36069
35085
33860
32590
32208
29970
26643
24592
23465
22639
22213
21390
22361
25064
28632
31489
32525
32515
32082
31428
30344
29710
29863
30943
31556
31162
30216
29361
29525
28289
25876
24011
22434
21372
20814
19980
20103
21586
24151
27091
29527
30793
31230
30814
30198
29782
30109
30962
31436
31361
31007
30509
30206
27601
24397
22592
22012
21498
21249
21044
23798
29698
34387
35885
36433
36637
36795
36534
36140
35849
36468
37500
36931
35892
34882
33639
32707
29728
26169
24211
23426
22769
22446
22158
24637
30259
34731
35922
35913
35859
36032
35603
35201
35048
35857
36873
36551
35664
34739
33632
33117
29965
26347
24490
23807
23227
22959
22659
25200
31058
35410
36867
37331
37269
37213
36755
36386
36032
36609
37469
36948
35982
34851
33503
33000
30158
26314
23948
23208
22576
22423
22144
24849
30698
35049
36401
36694
36600
37165
36717
36218
35729
36314
37289
36765
35915
34395
32656
31989
29998
26210
24195
23511
22842
22560
22227
24699
30308
34731
36053
36248
36088
36114
35512
35008
34426
34447
35144
34767
33656
32650
31319
31003
28999
25522
23468
22537
21785
21411
20587
21453
24044
27444
30122
31020
31057
30742
30016
28928
28410
28619
29860
30501
30207
29513
28865
29141
27771
24986
23172
22145
21253
20884
19856
20201
21696
24219
26941
28905
29771
30057
29826
29096
28779
29011
29979
30536
30554
30407
30044
30180
27912
24614
22912
22247
21731
21540
21349
24017
29900
34301
35883
36213
36490
36737
36642
36442
36194
36826
37739
37166
36175
34902
33701
33062
30136
26340
24505
23728
23097
22881
22703
25136
30733
34930
36292
36716
36928
37158
36946
36554
36348
37266
38337
37710
36437
35295
34065
33189
30000
26257
24278
23431
22858
22565
22200
24552
30197
34446
35618
35947
36036
36329
36040
35693
35553
36269
37319
36840
35845
34690
33585
33005
29869
26066
24171
23388
22852
22667
22298
24693
30249
34450
35815
36241
36272
36400
36157
35849
35773
36633
37567
37073
36240
35115
34214
32964
29708
26102
23897
23334
22866
22752
22521
24851
30530
35048
36421
37220
37553
37619
36959
36060
35401
35770
36384
35740
34503
33072
31928
31512
29196
25953
23756
22706
22048
21635
20888
21777
24374
27912
31073
32368
32757
32646
31935
30824
30282
30405
31709
32300
31617
30389
29731
29337
27343
24438
22502
21550
20628
20153
19236
19571
21131
23636
26374
28555
29531
30035
29875
29105
28626
29105
30423
30997
30798
30347
30026
29846
27658
24435
22581
22033
21505
21357
21124
23860
29576
33960
35368
35885
36103
36463
36214
35976
35584
36235
37331
37005
36052
34927
33777
32894
29890
26136
24045
23363
22814
22612
22224
24691
30291
34603
35757
27471
21946
32910
36235
35987
35698
36284
37337
36741
35752
34845
33506
32927
30093
26473
24196
23436
22658
22326
21976
24136
29925
34143
35387
35339
35222
35405
35135
34691
34482
35297
36258
35999
35070
34044
33003
32188
29012
25351
23447
22812
22201
22083
21861
24247
29871
34375
35801
36263
36345
36240
35847
35487
35180
35846
36764
36141
35080
33877
32851
32172
29322
25727
23696
22882
22186
21860
21422
23793
29148
33314
34760
35347
35412
35586
35139
34767
34474
35050
35940
35573
34569
33473
32650
31977
29450
26181
24039
23058
22329
21868
21341
22163
24661
28032
30914
32211
32120
31647
30658
29701
29043
29249
30494
31208
30376
30088
29348
29291
27866
25354
23220
22129
21251
20808
20030
20319
21844
24375
27079
29290
30225
30683
30402
29470
28855
29108
30006
30336
30650
30325
29732
29700
27594
24238
22546
21948
21343
21258
20968
23632
29323
33731
35168
35807
36146
36505
36333
36032
35797
36660
37659
37296
36145
35008
34090
33246
29943
26447
24586
23898
23195
23117
22894
25189
30597
34979
36304
36805
37055
37378
37257
36912
36545
37218
38052
37526
36540
35236
34199
33041
30151
26281
24115
23188
22538
22167
21908
24121
29655
33793
34841
34871
34980
35140
34551
34012
33650
34186
35196
34855
34227
33507
32697
32409
29802
26222
23942
23161
22552
22455
22089
24367
29702
34057
35624
36100
36254
36489
36137
35818
35631
36193
36992
36570
35834
34762
33830
33223
30311
26649
24708
24024
23383
23045
22901
25005
30370
34880
36437
36773
36792
36783
36540
35884
35303
35457
36058
35517
34620
33381
32308
31985
29801
26546
24393
23378
22516
22151
21382
22115
24594
27998
30871
32000
31983
31639
31072
30262
29746
30023
31248
31885
31615
30710
30123
30007
27789
25123
23179
22374
21552
21172
20462
20453
21738
24250
26998
29327
30178
30393
30241
29246
28657
28853
29818
30273
30223
29896
29369
29405
27472
24171
22388
21726
21308
21147
20921
23475
29020
33371
34824
35201
35337
35525
35084
34575
34808
35662
36974
36454
35333
34143
33008
32060
28835
25360
23649
22897
22729
22054
22514
24610
30014
34229
35755
36229
36473
36627
36311
35971
35678
36371
37231
36957
36053
35119
34210
33807
30281
26437
24449
23522
22826
22758
22387
24593
30040
34436
35899
36286
36394
36736
36526
36387
36258
36868
37825
37272
36136
34916
33971
33500
30404
26758
24901
24134
23574
23439
23224
25485
30759
35147
36879
37196
37323
37248
36942
36724
36546
37048
37811
37166
36262
34904
34144
33574
30374
26470
24346
23331
22655
22429
22202
24204
29534
34109
36011
36595
36898
36762
35491
35217
34708
35081
35934
35519
34383
33248
32468
32324
29973
26962
24925
23830
23079
22675
22333
22876
25314
28887
32199
33755
33844
33615
33020
32223
31520
31539
32444
32898
32422
31526
30867
30676
28716
25887
23958
22865
21971
21586
21058
21090
22500
25044
27996
30142
31245
31658
31369
30493
30059
30268
31103
31476
31402
31063
30763
30914
28103
24965
23355
22660
22068
21931
21918
24150
29466
34061
36241
36886
36976
37110
36969
36659
36429
36834
37607
37025
36195
34986
34265
33910
30756
26965
24971
24169
23526
23362
23169
25094
30160
34448
36374
36832
36815
37101
36996
36645
36613
37031
37751
37374
36380
35091
34290
34088
30911
26858
24838
24098
23527
23370
23185
24911
29772
33813
35883
36319
36315
36431
36403
36193
36154
36547
37234
36574
35780
34712
33798
33668
30558
27026
24800
23956
23305
23119
22909
24766
29536
33599
36187
36720
36203
37017
36809
36485
36451
36817
37196
36800
35877
34834
34149
33995
30729
27146
25160
24206
23594
23456
23433
25233
29752
33982
36110
36503
36568
36670
36393
35889
35480
35454
35964
35764
34654
33464
32666
32879
30049
26927
24827
23695
22809
22461
22008
22395
24847
28032
30702
31802
31837
31597
30965
30161
29800
30009
30930
31511
31170
30575
30441
30640
28420
25685
23765
22583
21720
21259
20676
20504
21833
24074
26569
28453
29404
29777
29554
28727
28411
28739
29654
30244
30278
29815
30051
30284
27699
24755
23200
22347
21851
21912
22068
23990
28579
32839
35415
35982
36054
36197
35987
35546
35511
35749
36155
36007
35254
34005
33292
32785
29158
25762
23840
23023
22460
22355
22401
24105
28511
32599
34760
35207
35330
35382
35128
34792
34752
35015
35527
35499
34637
33450
32920
32469
28920
25438
23502
22556
21804
21566
21605
23453
27897
32113
34393
35074
35206
35153
34731
34201
34013
34360
35238
35269
34581
33756
33514
33042
29740
26116
24164
23083
22540
22518
22615
24222
28506
32753
35034
35575
35787
36043
36024
35706
35650
35899
36614
36274
35175
33973
33562
32909
29449
25874
24046
23158
22527
22503
22617
24160
28600
32903
35520
36241
36401
36489
36110
35510
35139
35248
36038
35777
34768
33401
32924
31954
29072
25953
23914
22864
22016
21684
21392
21587
23743
26952
29835
31216
31340
31018
30437
29456
28878
28906
29934
30692
30474
29688
29287
29217
26602
23686
21999
21019
20234
19941
19704
19415
20748
22947
25145
26876
27802
28283
28024
27196
26766
27092
28122
28801
28956
28789
29463
29417
26532
23340
21652
21120
20699
20767
21098
22877
27464
31613
33951
34538
34674
34984
34836
34377
34143
34416
35391
35463
34658
33705
33634
32407
28628
25398
23526
22735
22092
22013
22225
23829
28139
32450
35025
35486
35563
35790
35649
35160
34894
35416
36452
36502
35640
34487
34291
32877
29014
25590
23738
22949
22302
22192
22521
24403
28954
33184
35565
36148
36295
36398
35892
35353
35095
35270
35484
35860
35125
33923
33792
32774
29161
25754
23972
23116
22390
22337
22644
24194
28741
32971
35176
35567
35586
35735
35400
35038
34804
35191
36067
35882
35077
33878
34193
33093
29441
25977
23988
23054
22374
22251
22596
24097
28428
32621
35132
35789
35910
36083
35805
35395
35087
35311
36134
36090
35314
34286
33771
32068
28699
25284
23185
22198
21437
21023
20793
21030
23339
26305
28835
29675
29465
29098
28308
27451
27157
27604
29114
30007
29993
29789
29984
29338
26993
24183
22345
21425
20675
20259
20082
20011
21260
23748
27016
29636
31029
31510
31071
29750
29081
29083
29851
30027
29464
28749
29359
28028
24760
21581
19974
19355
18871
18907
19399
21297
25889
30087
32313
33022
33183
33490
33176
32746
32555
32927
33677
33854
33472
32485
32908
31181
27243
23698
21915
21126
20675
20671
21024
22815
27296
31241
33272
33496
33663
33938
33670
33261
33120
33527
34838
34882
34264
33672
33979
31876
28060
24414
22546
21915
21348
21341
21739
23461
27885
32190
34234
34612
34552
34672
34557
34104
33872
34361
35339
35502
34817
34059
34240
32757
28881
25526
23599
22763
22351
22393
22851
24646
29223
33517
35686
36227
36232
36587
36518
36306
35963
36065
37074
36843
36151
35190
35328
33334
29497
25978
24080
23317
22759
22613
23025
24649
29144
33449
35364
35761
35572
35487
35202
34764
34257
34126
34771
34593
34007
33218
33553
31611
28313
25111
23125
22242
21336
20700
20658
21068
23269
26380
28956
29739
29885
29800
28944
27888
27275
27364
28643
29446
29265
28973
29552
27794
25233
22516
20548
19683
18974
18714
18673
18632
19821
22192
24945
27108
28126
28360
28113
27127
26716
27151
28098
28722
28750
28841
29903
28363
25170
22145
20776
20384
19942
20011
20696
22736
27510
31794
33956
34635
34892
35156
35202
34863
34655
34900
35845
36200
35784
35274
35388
32827
28708
25362
23388
22648
22089
22084
22534
24346
28962
33074
34869
35215
35487
35733
35599
34864
34601
35094
36317
36360
35734
35167
35944
33346
29279
25730
23929
23331
22751
22707
23224
25164
29692
33803
35484
35863
36064
36336
36014
35664
35216
35573
36541
36658
36071
35655
36018
33427
29360
25899
24013
23332
22584
22352
22792
24686
29100
33507
35479
35589
35495
35801
35388
34903
34831
35136
36284
36618
36431
35826
35861
33021
28700
25354
23611
23085
22700
22701
23189
25102
29553
33860
35836
36009
35977
35912
35348
34358
33510
33476
34511
34526
34035
33676
34064
31954
28561
25268
23281
22450
21711
21399
21371
22089
24224
27299
29852
30752
30691
30506
29950
28798
27997
28070
29488
30495
30600
30528
31350
29763
27162
24374
22520
21675
20981
20730
20729
20808
21921
24357
26932
28681
29501
29999
29782
29033
28607
28940
30000
30468
30344
30417
31018
29432
26472
23563
20339
21379
20733
20446
20709
21616
22927
25892
29175
31174
32197
32764
32484
31604
31217
31773
33358
34006
33431
33216
32840
30217
26524
23200
21610
21198
20853
20568
21037
23548
28392
32981
35319
36027
36246
36402
36230
35880
35692
36135
37224
37353
36839
36366
36417
33332
29213
25639
23862
23463
22709
22604
22995
24979
29588
33925
35441
35944
36263
36433
35891
35479
35195
35511
36492
36648
36153
36209
35625
32429
28457
25030
23324
22652
22151
22026
22700
25134
29564
34255
36044
36602
36490
36627
36183
35435
34953
35117
35847
35784
35238
35395
35801
32529
28536
24962
23121
22331
21568
21313
21701
23698
27966
32255
34143
34718
35212
35467
35162
34535
34005
34238
35282
35459
35069
34929
34041
31191
27895
24826
22987
22055
21326
20999
20999
21819
24081
27384
29899
30676
30714
30409
29728
28866
28387
28652
30303
31386
31399
31749
31621
29932
27103
24119
22404
21680
20812
20475
20395
20826
21902
24276
26966
28831
29696
30257
29989
29149
28860
29336
30443
31103
31312
31956
32501
30222
26919
23643
22119
21860
21433
21555
22146
24726
29704
34403
36751
37663
37957
38026
37771
37543
37266
37690
38561
38382
38026
38164
37444
33824
29450
25942
24247
23600
22996
22822
23321
25856
30874
35303
36742
37054
36807
36911
36797
36590
36483
37104
38285
38216
37731
38170
37597
34192
29909
26394
24423
23761
23135
23025
23555
26242
31736
36202
37419
37888
37942
37802
37525
37083
36503
37521
38606
38377
37806
32154
32154
33066
29679
26026
24294
23702
23103
23103
23457
26202
31670
36045
37046
37254
37424
37624
37458
37135
36873
37722
39077
38977
38587
39030
37689
34170
30121
26479
24589
23878
23251
23182
23734
26428
31799
36511
37445
37790
37765
37664
37209
36493
35941
36233
37252
37058
36496
36801
35511
32676
29233
26111
24102
23171
22439
22148
22207
23284
25520
29155
32191
33363
33416
33290
32481
31434
30692
30922
32258
33189
33105
33669
32842
30562
27687
24906
23136
22203
21324
20887
20741
21253
22214
24936
27738
29586
30188
30465
30336
29506
29097
29679
31056
32041
32342
33636
33077
30546
26820
23692
22179
21854
21385
21416
22036
24927
30928
35340
35995
36040
36077
36044
35671
35304
35129
36162
38003
38160
37763
39046
37584
33840
29197
25782
24225
23696
23236
23078
23576
26446
31862
36002
36639
36759
36572
36677
36345
35887
35727
36768
38115
38136
37677
38854
37697
34129
29563
25933
24288
23681
23160
23088
23679
26404
32090
36249
36754
36804
36656
36704
36419
36061
35693
36570
38088
37938
37572
38811
37396
33898
29395
25928
24177
23549
23054
22881
23462
26259
32025
36394
37115
37306
37177
37297
37081
36530
36306
37113
38256
38180
38152
38977
37497
33738
29537
25996
24150
23470
22997
22798
23393
26321
31909
36164
36922
37317
37207
37036
36562
35907
35305
35744
36678
36622
36343
37354
35637
32554
29111
25789
23866
22962
22203
22013
22051
23275
25309
29000
31972
33022
32867
32447
31676
30649
30026
30288
31689
32761
33053
34031
32504
30217
27304
24497
22564
21669
20956
20686
20512
21059
22022
24668
27932
29888
30837
31270
31111
30225
29852
30530
31834
32660
33245
34807
33013
30143
26569
23307
21881
21753
21321
21419
22163
25329
31521
36290
37253
37544
37638
37684
37365
37092
36888
37811
39042
38919
38800
39896
37613
33567
29332
25684
24035
23554
23019
22785
23430
26486
32387
36649
37470
37663
37536
37576
37111
36657
36532
37440
38860
38672
38597
39788
37336
33730
29240
25711
23994
23378
22923
22834
23181
26290
32318
36505
37576
37831
37731
37653
37359
36928
36705
37770
39232
39214
39364
40212
37597
33759
29469
25922
24246
23699
23077
22893
23406
26497
32537
36597
37538
38284
38186
37975
37504
37210
37128
37948
38635
38863
39065
39849
37554
33960
29679
25965
24312
23703
23188
23109
23753
26737
32431
37112
38439
39124
39132
39094
38778
38111
37409
37821
38831
38678
38642
38798
36225
33177
29627
26421
24430
23509
22683
22278
22315
23651
25985
29595
32790
34011
34164
34046
33467
32500
31882
31911
33302
34359
34813
34858
32642
30354
27358
24425
22650
21728
20916
20547
20414
21119
22262
24936
27860
29475
29939
30545
30615
30016
29899
30681
32206
33059
34513
36126
33997
31151
27534
24233
22613
22177
21636
21631
22399
25626
31909
36339
37080
37166
36605
36376
36005
35603
35339
36344
38065
38516
39317
40229
37503
33538
29086
25451
23927
23477
22921
22870
23395
26590
32768
36721
37378
37410
36956
36868
36958
36608
36530
37672
39465
39824
40663
40418
37552
33737
29098
25524
23876
23438
22822
22610
23110
26242
32677
36612
37094
37028
36632
36526
36050
35579
35224
36191
38024
38525
39703
40467
37701
34024
29576
25703
23927
23193
22700
22579
22779
25875
32333
36155
36739
37029
36928
36938
36575
36100
35911
36957
38892
39411
40374
40277
37440
33286
28894
25093
23326
22723
22052
21846
21889
25270
31848
35982
36579
36713
36550
36394
35997
35385
34699
34885
36444
37045
37855
38434
35815
32691
29161
25701
23936
23188
22366
21939
22056
23399
25906
29421
32289
33103
33066
32544
31680
30905
30563
30933
32417
33858
35291
34828
32733
30540
27816
24920
23037
22314
21488
21097
21081
21778
23312
25781
28795
30738
31357
31749
31636
31058
31024
31803
33427
34471
36260
36308
34087
31241
27452
24389
23016
22647
22056
21973
22720
25987
32681
36825
37698
38376
38498
38642
38372
37967
37615
38450
40204
40563
41450
40957
37759
33800
29313
25736
24046
23501
22856
22631
23299
26491
33002
36996
37448
37702
37195
37099
36610
36203
36021
37086
38833
39100
40558
40157
37010
33059
28613
25113
23464
22957
22361
22334
23002
26142
32683
36809
37312
37456
37269
37499
37317
37052
36945
38066
39500
39771
41441
40975
37999
34014
29709
26051
24335
23750
23360
23160
23748
26882
33589
37537
37997
38070
37606
37277
36863
36457
36238
37155
38644
39007
41028
40037
36846
33050
28514
24697
22848
22329
21627
21412
21945
24949
31447
35535
36150
36472
36357
36333
35740
35085
34672
35222
36820
37568
39290
37955
35147
31957
28405
25112
23279
22364
21350
20883
21062
22506
25745
29276
32438
33934
34167
34045
33340
31947
30826
30921
32400
34220
36478
35615
33208
30776
27946
24817
23105
22395
21663
21213
21153
21970
23764
26101
29040
30852
31375
31369
31044
30298
30226
31275
33237
34791
37198
36069
33169
29653
25939
22268
20840
20856
20221
19982
20535
23772
31491
36800
38161
39152
39441
39880
39491
38754
38318
39396
41163
41920
43436
42277
39172
35111
30393
26492
25029
25063
24669
24307
24706
28008
35061
38914
39007
38836
38623
38414
37947
37136
36665
37622
39296
40348
42982
41556
38393
34441
29685
25807
24376
24431
24115
23781
24222
27381
34662
39106
39606
39790
39651
39593
39202
38670
38042
39157
41168
41628
43047
41795
38281
34416
29821
26000
24358
24408
23752
23339
23927
27038
34363
37974
38019
38101
37908
37722
37549
37280
37180
38272
40057
41311
43370
41901
38657
34516
29909
26202
24758
25083
24431
24100
24676
27731
34750
38539
38685
38474
37659
37350
36814
36173
24132
36632
38587
39516
41763
39979
37036
33682
30048
26603
25093
24976
24976
24976
24976
28038
28038
31436
34267
35029
34893
34511
33719
32689
31978
32379
34285
36357
38763
36934
34397
31835
29045
25943
24345
24263
23416
22908
22709
23393
25217
27546
30500
32775
33642
34127
33884
33302
33264
34335
36621
38257
39476
37595
34810
31583
27759
24265
23017
23090
22389
22121
22540
25666
33209
38038
38927
39886
40050
40044
39880
39470
39121
40365
42479
43763
44233
41647
38179
33953
29393
25748
24510
24859
24429
23876
24171
27323
34851
39435
39871
40280
40232
40340
40142
39790
39664
40712
42579
44052
44931
42875
39633
35453
30960
27220
25777
26095
25479
24967
25322
28443
35720
39635
39841
40186
40165
40137
39663
39185
38924
40135
42624
44111
44634
42403
39113
35204
30656
26889
25545
25811
25115
24693
25127
28349
35433
39495
39370
39316
38880
38846
38634
38368
38144
39246
41104
43036
43987
41785
38788
34940
30437
26781
25334
25334
24535
24135
24473
27577
34420
38630
38859
38632
38174
38080
37554
37085
36800
37686
39372
41022
41443
38590
35579
31944
28278
24737
23016
22745
21699
20914
20964
22363
25499
29040
31813
33198
33302
33191
32433
31355
30640
30905
32663
35380
37178
34670
32165
29730
26954
24052
22341
21970
20761
20095
19835
20381
22177
24491
27445
29292
30034
30294
30002
29242
29211
30265
32348
34882
36804
34748
32626
29701
26404
23343
22255
22538
21893
21568
22246
25771
33300
37737
37864
38066
38178
38322
37820
37416
37276
38618
40768
42766
43563
40984
37437
33220
28574
24658
23031
23154
22397
21886
22511
25561
32762
37097
37149
36902
36788
36651
36430
36003
35895
37210
39504
42020
43461
41080
38036
34090
29327
25782
24449
24875
24423
24093
24645
28019
35657
39840
39589
39677
39381
39367
39490
39504
39419
40642
42627
44679
45036
42373
39273
34902
30448
26524
25088
25270
24546
24048
24441
27745
34971
39606
39840
39940
39804
39816
39408
38988
38658
39777
41662
43492
43500
41327
38163
34293
30015
26417
24974
25407
24786
24394
24804
27802
34555
39432
40006
40209
40071
39901
39474
38816
38166
38675
40024
41575
42253
39611
36743
33292
29718
26407
24673
24763
23838
23015
22676
23823
27004
30428
32962
33924
33761
33173
32122
31112
30649
31331
34041
37482
37783
35328
32795
30209
27298
24331
22943
22852
21589
20861
20261
20399
21685
23656
26564
29854
31639
32192
32647
32718
32103
32164
33705
37858
38889
37077
34751
32462
29520
26459
24317
23858
22698
22070
21745
22620
25920
31332
35072
37122
37401
37473
37701
37551
37435
37565
38932
43143
44721
42859
39928
36685
32749
28869
26105
25115
23750
23128
22537
23229
26510
30933
34889
36816
36810
36772
37129
37188
37347
37895
39389
43916
45413
43640
40981
38050
34235
30387
27593
26698
25383
24755
24281
24879
28006
33375
37377
39564
40303
40537
40815
40635
40374
40526
41824
45524
46239
44333
41659
38437
34664
30741
27980
26857
25350
24560
23916
24546
27339
32967
37082
39152
38635
39339
39588
39556
39321
39243
40459
44440
45547
43775
40953
37747
33959
29984
27297
26174
24398
23609
23101
23701
26559
31611
35309
37187
37357
37007
36915
36402
36109
36099
36888
40661
40901
37666
36522
33817
31183
28239
25955
24709
22999
22279
21571
21618
22808
25207
27945
30599
31420
31185
30821
30379
30090
30219
31847
36514
37735
35557
32898
30518
28316
25689
23614
22606
20997
20069
19351
19459
20666
22224
24626
28162
30620
31833
32830
32851
32671
32782
28957
39363
40216
38283
36065
33585
30472
26974
24550
23922
22778
21979
21558
22245
26041
33244
37473
38833
39313
39473
39846
39735
39609
39604
41733
46775
47457
45733
43230
40007
35975
31576
28667
27867
26725
26008
25483
26033
29689
36583
40077
40644
40758
40220
40172
40054
40043
40495
42910
47563
47955
46494
43847
40406
36192
31807
28374
27767
26519
25724
25089
25612
29082
36121
39791
40343
40369
40098
40269
40073
40359
40701
42795
47918
48356
46386
43833
41155
37215
32741
29647
28992
27622
27010
26136
26578
30072
36767
40096
40612
41041
41012
41282
41163
41095
40981
42994
47058
46975
45089
42375
38821
34497
30017
27168
26731
25487
24809
24073
24626
28205
35027
38795
39511
40116
40206
40286
39921
39738
39580
41167
45500
45583
43520
40739
37443
33980
30482
28193
27372
25774
24746
23745
23792
25227
27991
31197
34738
36192
36405
36356
35823
35439
35223
36714
41298
41649
39479
37092
34810
32462
30495
28379
27708
25955
24997
23855
23659
24600
26336
28554
32017
33954
34657
35391
35566
35211
35667
38128
43463
43851
41973
39642
37036
33660
30285
27787
27533
26416
25699
24956
25501
29172
36705
40541
41274
41620
41608
41657
41628
41544
41513
43975
48511
48441
46314
43354
39434
35053
30465
27389
27204
25962
25167
24430
24861
28111
35437
39204
39784
40156
40101
40483
40551
40473
40603
43225
47060
46887
45183
42678
39205
34879
30536
27740
27204
25891
25059
24398
24862
28243
35419
39146
39668
40046
39911
39661
39142
38959
39343
41927
46929
47077
45339
42637
39170
35116
30881
28073
27601
26415
25512
24760
25174
28330
35207
38882
39486
40023
40118
40365
40154
40163
39981
42693
46445
46185
44809
42189
39191
34973
30976
28030
27171
25626
24509
23610
23839
27197
34469
39184
40395
41083
40898
40952
40456
40111
39779
41587
46217
45998
44269
41436
38443
35212
32281
29729
28941
27160
26048
24894
24799
26097
29146
32177
35426
36854
37301
37390
37006
36580
36367
37956
42461
42958
41263
38503
36119
33474
30788
28753
28087
26283
25029
23831
23604
24420
26124
28109
31700
34531
36040
36813
37092
37308
37579
39706
43714
43516
41534
39081
36128
32868
29778
27094
26724
25455
24631
23651
24097
27797
35002
39554
40820
41884
42408
42589
42590
42353
42446
44445
48127
48413
46759
44309
40964
36616
32238
29491
29151
27811
26951
26156
26414
29963
37090
40459
40951
41470
33746
40722
40901
40984
41326
44136
48128
48159
46734
44101
40688
36521
32069
29253
28762
27442
26625
25828
26386
29876
37014
41061
41590
42215
42241
42277
42180
42006
42113
44701
48567
48485
47364
44921
41661
37213
33427
30304
29821
28416
27629
26787
27130
30757
37848
42176
42686
42961
42704
42715
42536
42392
42397
44876
49108
48725
47630
45145
41714
37304
33181
30243
29653
28168
27327
26333
26596
29991
37184
41093
41842
42484
42747
42954
42752
42636
42462
44596
47696
46811
44885
42003
38849
35076
31788
29321
28643
26973
25907
24729
24726
26195
29363
32548
35907
37526
37982
38049
37746
37148
36965
38813
43119
43519
41605
39022
36443
33853
31393
29489
28827
26957
25621
24494
24288
25025
26718
28838
32380
35651
37557
38735
38919
38259
38074
40544
44744
44527
42700
40436
37610
34230
30687
28190
28221
27238
26614
25904
26463
30255
38136
41930
43127
44056
43861
43703
43179
42942
43269
46468
50382
50136
49435
46919
43587
38988
34394
31450
31304
30120
29437
28559
28848
32333
39694
43856
44622
45373
45411
45580
45454
45463
45548
48172
50488
50007
49357
46869
43260
38442
33964
30902
30607
29495
28793
27928
28236
31734
39151
43834
44516
45219
45521
45762
45877
45862
45704
48133
50068
49833
49042
46682
43113
38611
34626
31380
31004
29782
28848
27906
28164
31610
38813
43271
43724
44155
44068
44217
44233
44191
44319
46942
49735
49485
48157
45585
42140
37804
33737
30582
30116
28701
27705
26605
26817
30171
37201
41688
42184
42542
42601
42699
42155
41811
41614
43988
46998
46344
44595
42131
39072
35564
32324
30007
29398
27657
26445
25279
25009
26471
29691
32920
36109
37356
37289
36954
36469
36131
36348
38775
43136
43499
41788
39159
36654
33959
31454
29439
28832
27009
25755
24514
24035
24835
26573
28619
32165
34516
35399
35768
35994
36157
36988
40206
43896
43888
42165
40091
37302
34043
30373
28053
28087
27039
26293
25459
25983
29534
37359
42246
43254
43955
44302
44677
44741
44824
45083
47878
50023
49723
48303
45823
42118
37786
33321
30215
29538
28180
27338
26266
26345
29995
37138
41392
41955
42779
42888
42937
42848
43038
43482
46481
49844
49733
48658
46114
42589
38280
33971
30911
30625
29424
28849
28002
28300
31914
39550
43958
44483
44538
43994
44039
43828
43972
44648
47686
50303
50189
49703
47187
43822
39143
34631
31596
31265
30130
29470
28630
28803
32327
39857
44782
45612
46272
46678
47047
47224
47191
47373
49504
50970
50446
50226
48064
44477
39810
35149
32153
31684
30248
29447
28504
28676
31978
39228
43766
44539
45010
44589
44167
43519
43159
43390
45893
49725
49238
47479
44930
41845
38043
34761
32185
31757
30344
29563
28391
28090
29532
32649
35863
39362
40356
39986
39557
38932
38595
38867
41484
45415
45450
43467
40900
38109
35101
32258
29888
29073
27207
26087
24820
24252
24843
26476
28511
32420
35215
36412
37102
36978
37250
37966
41171
45115
45101
43331
41455
37744
34714
31458
29020
29110
28116
27610
26852
27113
30889
38817
43772
44237
44384
44166
43914
43622
44059
44600
48036
50827
50757
50192
47856
44330
40102
35192
32105
32174
31113
30656
29698
30035
33135
40684
45437
45905
46012
45795
46023
45641
45678
45650
48580
50780
50129
48568
46064
42405
37675
32891
29757
29614
28479
27851
26846
27243
30798
38365
42921
43090
43135
42825
42758
42557
42688
43140
46730
50194
49657
48249
45942
42377
37756
33177
30017
29839
28810
28158
27250
27386
30850
38344
43273
43748
44129
44014
43976
44055
43817
44182
47510
49644
49543
48707
46438
43232
38578
34161
31244
30995
29879
29440
28444
28524
31463
38652
43971
44859
45263
45197
44826
44054
43759
43855
46661
49957
49499
47610
45138
41904
38330
34910
32488
32342
30827
30066
28802
28554
29746
32829
36309
39862
40876
40617
39968
39315
38916
39490
42397
46673
46598
44504
41830
39012
35968
33263
30964
30342
28598
27692
26182
25443
25878
27374
29486
33272
36151
37605
38395
38616
38495
39070
41999
45346
45025
43477
41379
38573
35497
31938
29175
29041
28112
27463
26638
26941
30486
38440
43652
44098
44648
44857
45007
45039
45166
45315
48419
50918
50364
49636
46976
43341
38608
33970
30742
30654
29518
28966
27842
28075
31626
39269
44399
44989
45151
44690
44514
44383
44712
45246
48604
50462
50168
49307
46777
43105
38279
33340
29927
29692
28477
27611
26607
26756
30077
37238
42396
42839
43020
42673
42458
42346
42530
42802
46149
49190
48651
46881
44442
41051
36716
32366
29198
28707
27417
26401
25146
25199
28492
35601
40351
40845
41340
41395
41554
41327
41018
41318
44255
47188
46664
45012
42478
39331
35276
31432
28519
28194
26908
26053
25216
25487
28573
35293
40269
40742
40461
39761
39409
38853
38860
39451
42195
46207
45961
43987
41287
38221
34676
31423
28810
28308
26632
25651
24344
23906
25064
27830
31159
34728
36304
36357
36175
35963
35944
36731
39590
43645
44021
42121
39877
37414
34426
31618
29540
28882
27121
25844
24136
23562
24071
25673
28044
31431
34307
35518
36197
36360
36096
36154
38585
41358
41147
39481
37555
35324
32101
28986
26519
26225
24898
24095
22998
23243
25880
31398
35959
38787
39418
39685
39701
40015
39920
40182
42309
45152
44983
43289
40866
38172
34697
30756
27840
27325
25704
24783
23606
23794
26470
31698
35939
38355
39131
39115
39280
39120
39166
39289
41254
44224
44433
42888
40560
37628
34250
30638
27695
27062
25324
24332
23208
23317
25538
29805
33782
36446
37169
36586
35871
35205
34750
34923
37090
40814
40546
38712
36395
34034
31425
29073
26982
26448
24677
23834
22616
22269
23260
25756
28826
32535
34398
34559
35397
36293
35332
33781
33615
34487
33592
32842
32374
31612
30236
29133
27750
27640
26292
25514
24369
24023
24659
26071
27767
30674
33817
35631
36352
36427
36051
36016
37649
38940
38362
36929
35374
33572
31274
29297
27371
27305
25950
25131
24105
23941
25026
26868
29110
32787
35422
36494
36975
37074
37031
37267
39130
42716
42938
41419
39205
36824
34182
31625
29244
28789
27374
26738
25758
25143
25503
26787
28583
32036
34949
36301
36843
36851
36654
37139
39437
43361
43570
42147
40227
38052
35203
32254
29736
29669
28452
28077
27020
26850
28531
31904
34785
38351
40386
40575
40663
40323
40174
40531
42506
47235
47488
46158
43516
40632
37064
33518
30915
30553
29267
28649
27587
27457
29107
32376
35181
38707
40581
40663
40309
39923
39736
40122
42412
46698
46972
45448
42840
39797
36307
32896
30366
30048
28630
27943
26674
26392
27945
30906
33660
37008
38854
39249
39069
38805
38673
38849
40661
44159
43643
40928
36966
33660
30831
29310
