8048
8048
8054
8058
8062
8060
8059
8055
8053
8056
8057
8060
8058
8055
8053
8049
8050
8052
8050
8052
8057
8053
8050
8051
8050
8046
8049
8052
8053
8051
8054
8053
8046
8046
8054
8055
8048
7988
7976
8043
8047
8048
8049
8054
7974
7962
8003
8006
8025
8042
8055
8078
8083
8085
8088
8094
8090
8085
8087
8090
8098
8091
8092
8089
8101
8103
8108
8110
8116
8117
8112
8110
8111
8107
8112
8115
8121
8117
8116
8114
8110
8111
8115
8118
8121
8122
8115
8108
8109
8109
8109
8112
8118
8125
8131
8124
8122
8122
8126
8124
8130
8133
8131
8126
8119
8117
8118
8117
8116
8125
8120
8125
8123
8119
8119
8121
8125
8133
8131
8132
8127
8117
8122
8126
8125
8131
8130
8132
8131
8124
8124
8125
8063
8010
8010
8009
8007
8004
8005
8007
8014
8012
8013
7973
7966
7960
7960
7961
7957
7955
7958
7958
7960
7822
7735
7733
7733
7728
7729
7736
7731
7726
7734
7730
7733
7751
7749
7759
7856
7937
7947
7953
8017
8065
8068
8067
8054
7881
7841
7843
7847
7853
7852
7872
7989
8012
8093
8103
8131
8142
8146
8146
8141
8136
8140
8143
8139
8135
8137
8136
8129
8133
8135
8054
7882
7594
7506
7527
7562
7712
7814
7849
7886
7995
8057
8065
7947
7866
7891
7758
7733
7736
7881
7918
7952
8064
8081
8139
8122
8007
7705
7718
7846
7955
7973
7984
7983
7997
7898
7882
7949
8023
8255
8250
8127
8051
8106
8193
8186
8177
8145
8022
7900
7886
7967
8092
8144
8196
8204
8246
8249
8082
8070
8168
8196
8239
8295
8206
8072
8091
8218
8229
8229
8227
8223
8230
8242
8278
8318
8330
8325
8318
8320
8313
8316
8331
8344
8351
8394
8425
8467
8502
8537
8543
8549
8543
8544
8532
8531
8545
8549
8553
8546
8542
8545
8523
8508
8512
8518
8533
8554
8575
8576
8566
8556
8552
8561
8485
8400
8414
8419
8410
8409
8424
8455
8353
8158
8148
8155
8220
8546
8645
8659
8657
8648
8647
8686
8631
8548
8561
8575
8579
8643
8650
8649
8659
8656
8617
8447
8430
8439
8468
8575
8745
8787
8789
8800
8807
8807
8794
8640
8600
8610
8717
8802
8741
8687
8681
8682
8690
8677
8511
8477
8480
8596
8740
8803
8800
8808
8808
8807
8656
8604
8607
8607
8607
8603
8602
8610
8608
8624
8735
8813
8816
8816
8810
8818
8812
8808
8811
8815
8813
8819
8820
8817
8812
8806
8809
8810
8800
8808
8812
8810
8806
8801
8802
8799
8802
8801
8804
8803
8800
8792
8794
8798
8794
8800
8808
8815
8810
8811
8804
8704
8608
8603
8637
8769
8801
8801
8793
8795
8797
8803
8685
8606
8608
8668
8782
8785
8791
8795
8792
8806
8886
8905
8899
8901
8900
8902
8899
8898
8901
8907
8916
8917
8910
8918
8934
8929
8932
8936
8938
8947
8952
8953
8954
8952
8960
8959
8965
8967
8975
8972
8971
8975
8975
8984
8992
8998
8997
9003
8985
8986
8984
8986
8986
8985
8984
8997
8999
8998
9006
9000
9005
9004
8977
8938
8940
8945
8936
8940
8939
8939
8941
8945
8841
8772
8762
8703
8704
8701
8695
8691
8582
8477
8560
8699
8709
8710
8709
8566
8383
8421
8611
8609
8609
8607
8599
8408
8393
8563
8520
8512
8375
8287
8294
8301
8298
8469
8474
8354
8322
8326
8217
8106
8256
8327
8320
8322
8317
8255
8100
8178
8314
8325
8319
8327
8174
8107
8277
8330
8314
8312
8293
8102
8143
8314
8312
8320
8355
8351
8364
8369
8366
8372
8371
8369
8368
8402
8413
8417
8410
8408
8290
8285
8225
8220
8221
8222
8228
8228
8235
8234
8238
8242
8229
8228
8226
8229
8232
8263
8258
8259
8266
8272
8273
8275
8277
8279
8278
8277
8271
8280
8285
8284
8284
8291
8295
8302
8306
8306
8303
8304
8295
8300
8298
8300
8302
8295
8290
8298
8300
8302
8307
8272
7926
7843
7845
7848
7852
7851
7854
7861
7860
7856
7849
7848
7851
7881
7894
7898
7896
7891
7871
7854
7809
7753
7732
7700
7689
7690
7683
7682
7678
7672
7674
7680
7688
7687
7680
7676
7671
7673
7683
7681
7680
7680
7675
7677
7679
7686
7687
7692
7710
7835
7862
7859
7862
7867
7875
7887
7890
7882
7879
7870
7875
7866
7864
7865
7873
7872
7873
7871
7861
7865
7873
7866
7875
7877
7871
7864
7861
7861
7862
7860
7868
7873
7872
7870
7861
7866
7868
7865
7869
7865
7859
7870
7869
7865
7869
7866
7866
7874
7878
7876
7865
7862
7862
7840
7843
7859
7879
7877
7882
7906
7939
7971
7997
8021
8038
8047
8047
8040
8039
8043
8047
8050
8057
8052
8051
8049
8088
8118
8128
8146
8160
8163
8176
8211
8223
8257
8270
8283
8307
8330
8342
8355
8357
8360
8375
8380
8381
8390
8418
8439
8451
8458
8267
8085
8073
8050
7958
7956
7934
7926
7956
7972
7917
7913
7925
8011
8049
8049
8117
8215
8315
8354
8382
8471
8469
8467
8464
8474
8472
8473
8476
8487
8506
8513
8510
8513
8513
8506
8512
8512
8512
8514
8513
8512
8517
8517
8518
8520
8521
8527
8515
8515
8504
8505
8516
8274
8422
8363
8366
8359
8358
8361
8358
8365
8252
8139
8255
8350
8332
8151
8140
8143
8143
8318
8369
8365
8356
8363
8351
8167
8139
8320
8363
8361
8356
8348
8160
8149
8340
8359
8364
8362
8200
8136
8322
8361
8361
8368
8351
8158
8206
8362
8359
8357
8366
8220
8134
8313
8362
8355
8356
8301
8130
8234
8362
8357
8356
8364
8367
8378
8382
8386
8385
8412
8417
8415
8391
8382
8385
8387
8384
8390
8390
8392
8447
8460
8478
8472
8481
8506
8512
8519
8527
8529
8528
8530
8536
8536
8535
8541
8537
8547
8533
8535
8543
8541
8541
8540
8541
8540
8537
8538
8533
8536
8538
8538
8538
8535
8537
8538
8539
8540
8545
8539
8542
8538
8541
8542
8542
8545
8549
8547
8546
8543
8541
8544
8540
8543
8539
8546
8541
8545
8545
8544
8510
8485
8481
8483
8485
8506
8538
8537
8540
8538
8535
8538
8545
8544
8545
8550
8545
8548
8544
8546
8554
8556
8553
8552
8518
8497
8493
8486
8498
8533
8535
8532
8532
8535
8537
8532
8531
8533
8529
8530
8528
8526
8525
8528
8524
8527
8528
8527
8510
8509
8506
8497
8461
8462
8465
8465
8470
8471
8471
8489
8512
8514
8516
8506
8486
8491
8492
8493
8493
8488
8475
8471
8475
8471
8473
8470
8453
8449
8448
8448
8442
8432
8420
8416
8408
8400
8385
8392
8378
8379
8376
8379
8374
8386
8382
8385
8384
8387
8387
8384
8381
8387
8377
8379
8378
8043
7973
7974
7974
7975
7976
7978
7978
7983
7983
7979
7975
7977
7977
7980
7977
7949
7869
7831
7821
7823
7820
7822
7823
7821
7828
7837
7839
7872
7897
7907
7918
7941
7938
7944
7967
7976
7983
7988
7981
7984
7989
7981
7981
7970
7938
7971
7975
7975
7981
7982
7979
7977
7975
7973
7974
7974
7985
7986
7983
7973
7973
7973
7975
7977
7984
7988
7986
7983
7985
7984
7981
7982
7979
7983
7987
7987
7975
7982
7973
7973
7972
7977
7981
7983
7981
7978
7981
7984
7981
7978
7978
7978
7976
7982
7965
7947
7944
7960
7985
7986
7981
7974
7976
7975
7976
7973
7980
7983
7982
7980
7980
7982
7979
7972
7975
7955
7944
7941
7945
7958
7979
7982
7978
7979
7979
7979
7976
7972
7974
7975
7978
7979
7982
7976
7979
7973
7976
7977
7973
7954
7937
7941
7975
7974
7977
7968
7800
7772
7773
7773
7772
7769
7775
7775
7775
7780
7783
7784
7783
7776
7779
7785
7803
7804
7805
7800
7696
7566
7566
7569
7570
7575
7717
7793
7809
7809
7808
7801
7764
7580
7563
7571
7647
7800
7803
7808
7809
7804
7811
7805
7805
7805
7801
7798
7800
7798
7802
7778
7597
7577
7575
7621
7794
7802
7814
7810
7810
7808
7807
7729
7572
7561
7561
7620
7797
7800
7799
7820
7824
7832
7839
7826
7653
7633
7634
7646
7671
7857
7881
7891
7892
7891
7892
7846
7679
7679
7666
7747
7900
7979
7980
7982
8000
8002
8005
8018
8021
8001
7822
7800
7818
7883
8073
8092
8101
8121
8118
8145
8227
8289
8321
8316
8323
8327
8327
8328
8327
8325
8327
8306
8289
8290
8294
8304
8302
8300
8304
8307
8307
8305
8197
7930
7698
7655
7653
7658
7657
7658
7659
7658
7659
7679
7687
7684
7700
7707
7711
7710
7714
7728
7732
7733
7733
7734
7745
7738
7750
7761
7771
7786
7787
7787
7790
7791
7788
7785
7780
7781
7789
7401
7328
7330
7329
7325
7328
7343
7339
7345
7349
7355
7358
7350
7342
7342
7341
7343
7349
7358
7359
7358
7355
7352
7357
7360
7357
7356
7357
7356
7351
7355
7353
7358
7357
7357
7333
7368
7355
7353
7352
7344
7340
7348
7356
7358
7360
7366
7370
7370
7368
7366
7367
7372
7375
7366
7295
7224
7176
7173
7177
7176
7210
7277
7300
7300
7307
7322
7328
7281
7259
7259
7256
7256
7257
7262
7261
7264
7267
7273
7276
7269
7268
7268
7245
7013
6987
6982
6973
7093
7154
7173
7220
7230
7254
7329
7353
7357
7362
7317
7211
7241
7299
7468
7511
7541
7563
7564
7576
7595
7622
7610
7461
7452
7453
7460
7478
7512
7670
7676
7680
7677
7674
7679
7672
7600
7474
7475
7479
7611
7669
7678
7675
7673
7673
7676
7676
7674
7669
7529
7479
7481
7482
7635
7674
7671
7671
7672
7667
7671
7676
7675
7681
7575
7484
7481
7483
7504
7656
7679
7677
7680
7677
7677
7671
7667
7516
7483
7482
7483
7482
7511
7640
7674
7677
7671
7674
7678
7678
7681
7659
7485
7475
7496
7652
7683
7688
7682
7730
7760
7759
7609
7531
7531
7545
7429
7321
7321
7325
7329
7328
7337
7338
7335
7342
7344
7348
7351
7359
7354
7359
7359
7359
7355
7357
7360
7368
7364
7370
7374
7370
7374
7375
7384
7386
7393
7389
7393
7395
7372
7291
7329
7335
7331
7332
7337
7339
7339
7338
7337
7331
7332
7331
7328
7334
7331
7328
7331
7326
7327
7327
7323
7327
7331
7336
7330
7319
7308
7285
7283
7289
7291
7286
7290
7334
7334
7336
7339
7342
7340
7342
7340
7337
7338
7332
7333
7335
7334
7328
7329
7330
7325
7324
7326
7289
7290
7328
7327
7330
7317
7332
7334
7337
7334
7335
7335
7336
7338
7334
7332
7330
7329
7330
7338
7344
7338
7338
7335
7337
7336
7337
7340
7338
7342
7339
7338
7338
7335
7337
7339
7339
7335
7336
7334
7333
7333
7330
7331
7336
7336
7336
7336
7336
7333
7334
7336
7332
7328
7329
7333
7329
7329
7330
7335
7335
7333
7331
7332
7330
7327
7325
7324
7325
7330
7329
7331
7331
7333
7332
7331
7336
7334
7336
7332
7331
7327
7331
7333
7334
7332
7330
7331
7330
7340
7332
7335
7338
7338
7338
7338
7338
7336
7336
7337
7335
7333
7337
7340
7341
7338
7338
7338
7336
7335
7334
7337
7335
7337
7339
7339
7334
7333
7329
7332
7332
7331
7330
7331
7333
7333
7334
7341
7342
7341
7341
7339
7339
7335
7331
7334
7332
7333
7338
7336
7336
7333
7333
7335
7333
7330
7330
7334
7333
7330
7332
7331
7337
7337
7338
7333
7330
7331
7330
7332
7332
7339
7230
7180
7185
7174
7171
7177
7166
7125
6960
6801
6800
6818
7016
7034
7040
7039
6949
6811
6912
7031
7025
7026
7022
6878
6813
6981
7075
7094
7102
7081
6911
6913
7101
7120
7124
7121
6966
6599
6566
6734
6835
6812
6780
6580
6507
6678
6547
6502
6356
6353
6334
6288
6337
6524
6522
6521
6520
6490
6288
6227
6365
6458
6513
6525
6524
6525
6524
6521
6495
6366
6419
6540
6545
6542
6547
6543
6540
6548
6546
6546
6547
6548
6544
6545
6525
6456
6564
6595
6595
6593
6514
6588
6586
6592
6609
6626
6617
6633
6648
6653
6653
6657
6659
6573
6506
6517
6611
6675
6678
6678
6677
6682
6685
6587
6526
6552
6681
6690
6694
6696
6695
6694
6687
6682
6684
6554
6529
6534
6665
6685
6683
6686
6683
6691
6692
6694
6558
6547
6534
6529
6528
6529
6534
6655
6671
6667
6665
6663
6660
6669
6629
6510
6514
6572
6683
6690
6677
6682
6687
6683
6586
6527
6552
6690
6694
6693
6691
6693
6691
6689
6693
6691
6686
6685
6687
6692
6647
6550
6542
6542
6545
6547
6545
6547
6549
6549
6467
6405
6400
6401
6443
6479
6555
6662
6744
6754
6759
6759
6766
6781
6775
6775
6774
6776
6771
6779
6783
6786
6790
6791
6789
6791
6791
6785
6791
6792
6784
6781
6782
6786
6789
6803
6832
6833
6837
6837
6834
6829
6837
6835
6822
6831
6834
6827
6827
6822
6834
6838
6832
6832
6840
6841
6833
6827
6842
6853
6855
6858
6862
6859
6857
6855
6852
6855
6857
6847
6769
6774
6778
6774
6773
6778
6784
6773
6773
6770
6736
6723
6727
6725
6719
6726
6722
6724
6719
6724
6683
6627
6626
6626
6628
6626
6625
6627
6618
6503
6490
6483
6480
6485
6478
6475
6486
6608
6634
6644
6640
6602
6490
6490
6495
6497
6498
6513
6627
6678
6728
6720
6718
6724
6726
6728
6726
6723
6727
6723
6720
6722
6724
6720
6723
6726
6721
6728
6728
6730
6730
6734
6735
6737
6730
6722
6720
6725
6737
6726
6736
6739
6738
6730
6731
6729
6725
6751
6791
6721
6585
6593
6747
6810
6902
6907
6942
6976
6997
7011
6991
6833
6796
6852
6948
6976
7014
7007
6911
6793
6794
6822
6842
6936
6949
6995
7012
7089
7148
7177
7187
7186
7190
7187
7188
7202
7238
7261
7259
7260
7270
7267
7272
7275
7273
7282
7305
7310
7324
7343
7352
7348
7359
7399
7425
7426
7426
7429
7427
7438
7437
7428
7434
7436
7438
7440
7440
7439
7439
7431
7431
7431
7432
7436
7437
7437
7440
7436
7435
7434
7435
7431
7437
7436
7435
7440
7476
7491
7493
7488
7482
7482
7476
7490
7502
7520
7534
7542
7559
7567
7565
7572
7573
7566
7569
7571
7568
7553
7554
7550
7545
7550
7549
7562
7552
7550
7546
7467
7473
7496
7502
7516
7529
7530
7530
7523
7511
7515
7502
7494
7488
7478
7477
7469
7470
7437
7424
7411
7390
7375
7374
7357
7340
7322
7303
7310
7299
7289
7289
7291
7291
7292
7291
7286
7286
7286
7195
7140
7135
7141
7134
7131
7128
7128
7115
7007
6882
6910
7100
7110
7106
7107
6951
6880
6886
6926
7111
7107
7106
7113
7115
7121
7125
7126
7117
7097
7086
7086
7113
7159
7183
7189
7189
7189
7200
7222
7268
7314
7362
7394
7400
7416
7410
7414
7424
7428
7451
7451
7463
7456
7456
7472
7487
7488
7495
7500
7501
7497
7497
7495
7500
7499
7495
7495
7497
7500
7498
7499
7483
7482
7474
7468
7457
7439
7287
7205
7180
7160
7142
7114
7097
7078
6902
6869
6870
6866
6865
6864
6869
6868
6852
6670
6638
6640
6670
6852
6877
6820
6774
6781
6787
6782
6698
6564
6598
6640
6841
6908
6912
6908
6908
6911
6910
6764
6683
6690
6672
6674
6713
6880
6882
6881
6891
6771
6662
6663
6685
6864
6894
6899
6913
6915
6907
6833
6670
6663
6666
6699
6875
6892
6891
6889
6892
6904
6900
6896
6894
6896
6897
6895
6892
6895
6845
6674
6669
6672
6822
6902
6905
6905
6905
6904
6885
6704
6662
6564
6540
6708
6748
6747
6744
6741
6740
6446
6285
6411
6661
6737
6740
6727
6634
6762
6941
6948
6949
6944
6760
6726
6895
6950
6954
6949
6953
6849
6856
7026
7100
7098
7098
7070
6874
6920
7096
7105
7105
7103
7047
6886
7023
7122
7145
7159
7157
7091
6919
6974
7140
7140
7145
7150
7190
7185
7186
7215
7245
7245
7253
7268
7284
7332
7365
7391
7412
7414
7418
7446
7471
7464
7474
7485
7506
7504
7504
7508
7514
7514
7514
7512
7513
7516
7494
7487
7490
7479
7472
7473
7474
7473
7478
7487
7497
7490
7484
7479
7474
7469
7467
7469
7468
7469
7470
7473
7471
7475
7474
7475
7473
7469
7481
7482
7475
7423
7418
7420
7420
7416
7422
7448
7439
7453
7458
7457
7459
7454
7458
7466
7464
7487
7505
7532
7531
7534
7580
7588
7605
7617
7612
7612
7606
7608
7618
7632
7638
7650
7673
7694
7692
7696
7697
7690
7696
7699
7709
7739
7733
7749
7753
7761
7763
7756
7751
7751
7755
7751
7750
7756
7752
7747
7750
7752
7757
7755
7757
7754
7753
7759
7757
7761
7759
7768
7777
7777
7779
7779
7779
7777
7772
7769
7774
7773
7773
7765
7767
7771
7768
7771
7773
7777
7774
7777
7781
7782
7778
7779
7776
7777
7773
7778
7772
7779
7773
7772
7768
7770
7765
7775
7792
7791
7795
7792
7792
7790
7792
7796
7796
7794
7794
7792
7793
7795
7792
7791
7798
7799
7799
7798
7801
7794
7788
7791
7793
7793
7797
7800
7798
7800
7805
7806
7802
7806
7815
7809
7804
7802
7806
7804
7802
7802
7800
7798
7794
7796
7798
7798
7799
7802
7807
7806
7811
7807
7806
7808
7792
7789
7789
7792
7794
7789
7795
7790
7786
7784
7783
7781
7722
7678
7683
7681
7684
7704
7771
7771
7771
7771
7770
7773
7772
7775
7764
7759
7752
7739
7728
7713
7716
7707
7705
7708
7696
7702
7713
7631
7570
7568
7564
7570
7576
7579
7579
7577
7581
7580
7581
7566
7422
7300
7335
7268
7269
7266
7270
7270
7263
7256
7253
7253
7255
7242
7314
7342
7325
7344
7348
7264
7137
7113
7089
7057
7043
7049
7054
7052
7050
7029
6996
6968
6931
6896
6994
7031
7073
7024
6832
6763
6752
6757
6759
6759
6753
6747
6755
6877
6892
6906
6993
6993
6956
6774
6736
6801
6862
6916
6999
7008
6863
6786
6821
6852
6863
6931
6985
6988
6993
6995
6995
7001
7001
7005
6996
6993
6995
6993
6991
6989
6989
6989
6989
6975
6861
6857
6859
6863
6858
6861
6860
6858
6857
6865
6868
6867
6870
6867
6867
6866
6864
6860
6865
6864
6895
6966
6984
6973
6974
6978
6989
6997
6997
6990
6971
6970
6970
6967
6970
6971
6978
6975
6971
6969
6968
6970
6981
6966
6966
6964
6954
6924
6927
6926
6931
6930
6933
6927
6930
6930
6933
6931
6932
6938
6941
6942
6936
6936
6934
6935
6933
6939
6941
6933
6934
6930
6929
6843
6790
6793
6795
6788
6792
6795
6784
6767
6752
6728
6713
6704
6703
6706
6706
6707
6697
6556
6367
6199
6216
6227
6308
6407
6350
6172
6097
6226
6503
6551
6508
6367
6176
6168
6493
6643
6651
6651
6628
6455
6499
6633
6495
6475
6370
6516
6542
6734
6864
6861
6863
6867
6763
6541
6534
6741
6948
6975
6972
6808
6796
6994
7024
7025
6889
6759
6630
6868
7063
7062
7062
7041
6834
6869
7040
6933
6871
6878
7037
7080
7090
7086
7078
7087
7041
6932
6932
6934
7019
7147
7156
7154
7158
7174
7173
7168
7010
6989
6988
7046
7184
7177
7163
7195
7203
7260
7288
7299
7300
7301
7303
7310
7316
7340
7347
7349
7346
7356
7349
7348
7355
7356
7367
7371
7370
7374
7376
7376
7383
7386
7389
7383
7382
7392
7393
7374
7348
7343
7356
7398
7406
7393
7397
7397
7395
7396
7400
7398
7396
7402
7406
7409
7415
7415
7419
7417
7413
7417
7418
7419
7412
7419
7410
7411
7403
7405
7406
7406
7400
7402
7398
7400
7401
7405
7412
7414
7411
7422
7422
7423
7418
7410
7411
7407
7409
7411
7416
7413
7414
7409
7410
7414
7417
7415
7419
7423
7422
7419
7409
7415
7417
7419
7425
7433
7432
7431
7421
7418
7421
7417
7418
7422
7422
7414
7407
7415
7414
7417
7419
7421
7424
7425
7425
7424
7424
7429
7426
7430
7431
7436
7434
7425
7424
7420
7420
7423
7428
7418
7416
7408
7405
7404
7412
7415
7419
7420
7424
7417
7410
7410
7408
7405
7413
7414
7419
7421
7407
7407
7411
7413
7412
7413
7410
7413
7408
7408
7409
7415
7413
7414
7414
7415
7411
7416
7411
7413
7412
7416
7418
7424
7426
7420
7416
7409
7409
7414
7411
7410
7410
7409
7408
7405
7412
7409
7409
7408
7408
7408
7400
7400
7400
7402
7403
7404
7410
7411
7408
7411
7411
7408
7412
7415
7415
7413
7411
7410
7413
7418
7407
7387
7391
7383
7364
7351
7350
7348
7350
7353
7350
7353
7357
7342
7342
7354
7343
7352
7376
7405
7376
7362
7361
7362
7364
7379
7387
7404
7415
7415
7426
7420
7421
7425
7429
7312
7157
7156
7190
7305
7312
7316
7325
7336
7349
7262
7190
7191
7200
7281
7367
7369
7395
7432
7472
7472
7468
7337
7302
7307
7416
7493
7398
7337
7398
7426
7385
7335
7362
7446
7579
7583
7598
7617
7617
7630
7548
7445
7451
7504
7639
7645
7642
7648
7644
7547
7154
7170
7041
7004
7007
7065
7097
7134
7240
7273
7320
7337
7343
7341
7347
7356
7360
7370
7370
7363
7365
7365
7368
7365
7374
7385
7390
7389
7386
7395
7395
7404
7418
7425
7433
7435
7435
7439
7435
7433
7440
7447
7450
7449
7449
7446
7447
7450
7445
7451
7459
7453
7447
7447
7453
7456
7457
7455
7460
7457
7457
7456
7464
7459
7455
7463
7465
7463
7476
7461
7459
7451
7443
7442
7443
7444
7448
7451
7452
7455
7450
7449
7454
7452
7459
7456
7453
7451
7447
7446
7449
7451
7452
7443
7446
7450
7450
7446
7444
7452
7451
7446
7444
7451
7452
7449
7452
7452
7452
7451
7419
7401
7403
7398
7376
7198
7093
7092
7087
7094
7153
7178
7192
7266
7344
7344
7384
7405
7446
7442
7402
7287
7321
7440
7502
7591
7598
7613
7636
7482
7418
7385
7393
7502
7520
7544
7650
7648
7528
7482
7485
7432
7455
7550
7552
7550
7643
7575
7367
7309
7390
7440
7445
7257
7278
7309
7164
7130
7138
7204
7231
7305
7362
7365
7329
7163
7137
7214
7279
7277
7282
7362
7368
7372
7375
7371
7370
7372
7377
7400
7411
7409
7413
7409
7419
7428
7430
7423
7429
7429
7428
7435
7434
7435
7436
7444
7441
7443
7451
7450
7449
7457
7456
7455
7461
7462
7463
7467
7461
7468
7376
6824
6795
6799
6792
6786
6784
6790
6794
6792
6797
6818
6819
6818
6812
6814
6822
6817
6846
6855
6868
6887
6883
6883
6884
6916
6944
6952
6959
6953
6947
6952
6967
6966
6970
6973
6972
6969
6964
6860
6773
6767
6765
6769
6754
6752
6601
6531
6529
6643
6757
6753
6745
6749
6747
6747
6750
6756
6758
6759
6718
6538
6528
6530
6525
6529
6524
6579
6749
6756
6759
6755
6757
6756
6757
6755
6589
6527
6530
6556
6724
6749
6765
6766
6767
6606
6520
6523
6546
6733
6751
6749
6747
6744
6746
6748
6750
6748
6741
6577
6526
6531
6672
6749
6758
6757
6762
6766
6627
6539
6532
6536
6678
6738
6741
6742
6742
6742
6742
6740
6735
6831
6949
6954
6956
6957
6969
6963
6965
6959
6958
6961
6967
6968
6969
6967
6964
6957
6959
6962
6963
6959
6960
6966
6960
6961
6962
6963
6963
6964
6965
6976
6971
6963
6962
6961
6967
6971
6970
6966
6970
7020
7065
7085
7093
7118
7133
7139
7177
7239
7256
7286
7285
7287
7298
7319
7353
7394
7391
7407
7445
7446
7445
7446
7455
7454
7452
7451
7451
7453
7455
7457
7459
7464
7464
7471
7468
7468
7471
7469
7344
7269
7260
7257
7256
7255
7258
7259
7259
7261
7263
7162
7027
7017
6982
6942
6950
6970
7144
7193
7197
7196
7192
7194
7076
6882
6877
6880
6982
7099
7100
7101
7098
7107
7150
7152
7013
6920
6930
7001
7192
7241
7257
7289
7296
7322
7405
7400
7219
7197
7210
7336
7443
7438
7426
7433
7428
7422
7430
7456
7470
7477
7310
7271
7289
7304
7398
7542
7544
7553
7570
7622
7639
7647
7656
7630
7458
7442
7455
7620
7689
7702
7716
7736
7875
7907
7915
7925
7930
7944
7940
7943
7950
7957
7961
7951
7956
7958
7955
7956
7959
7964
7966
7958
7951
7948
7944
7943
7948
7943
7937
7936
7926
7934
7935
7929
7917
7910
7918
7932
7929
7936
7936
7937
7939
7946
7949
7946
7935
7918
7887
7862
7853
7860
7859
7855
7854
7849
7850
7854
7850
7840
7840
7840
7840
7840
7840
7840
7840
7840
7840
7840
7840
7840
7820
7589
7585
7583
7593
7539
7292
7286
7275
7278
7291
7287
7282
7287
7291
7288
7290
7283
7287
7291
7284
7265
7030
7010
6992
7034
7173
7178
7180
7186
7193
7189
7190
7181
7094
6989
6984
6989
7104
7026
7033
7031
7020
7016
7012
6995
6834
6838
6838
6846
6785
6816
7009
7022
7023
7023
6948
6794
6947
7020
6916
6812
6816
6699
6755
6865
6907
6905
6902
6902
6902
6849
6747
6730
6712
6708
6635
6597
6595
6704
6855
7048
7046
7048
7056
6999
6810
6837
6852
6847
6939
7046
7046
6884
6813
6819
6948
7041
7033
7034
7031
6923
6808
6923
7038
7041
7031
6983
6641
6690
6845
6951
7033
7048
7086
7083
7083
7091
7094
7052
6932
6919
6921
6940
7072
7111
7114
7115
7116
7119
7146
7181
7196
7220
7219
7225
7243
7247
7258
7260
7261
7256
7282
7314
7324
7339
7335
7328
7333
7337
7337
7348
7350
7353
7359
7355
7355
7355
7355
7355
7355
7355
7355
7355
7355
7358
7361
7361
7367
7380
7387
7384
7380
7380
7379
7383
7386
7389
7393
7394
7391
7389
7387
7387
7384
7385
7389
7393
7395
7382
7365
7362
7353
7323
7323
7324
7325
7320
7320
7320
7317
7191
7175
7180
7181
7180
7173
7172
7178
7171
7173
7179
7183
7142
7012
7003
7081
7140
7176
7198
7153
7012
7002
7002
7045
7136
7226
7244
7170
7023
7019
7070
7131
7153
7235
7237
7225
7062
7012
7011
7104
7138
7228
7242
7220
7051
7009
7001
7023
7176
7237
7258
7189
7039
7024
7130
7159
7248
7233
7159
7127
7033
7027
7062
7237
7250
7247
7246
7249
7251
7252
7251
7222
7103
7006
7035
7156
7175
7239
7241
7121
7014
7014
7017
7029
7151
7169
7249
7267
7260
7254
7248
7258
7301
7309
7315
7312
7328
7334
7341
7351
7351
7350
7359
7356
7347
7346
7341
7342
7340
7340
7341
7329
7324
7347
7348
7343
7355
7359
7362
7381
7388
7381
7386
7392
7401
7423
7440
7444
7444
7453
7451
7451
7450
7457
7459
7399
7403
7371
7370
7368
7375
7438
7460
7468
7486
7486
7547
7579
7596
7595
7619
7646
7661
7671
7679
7678
7680
7681
7691
7695
7712
7711
7705
7703
7712
7714
7727
7731
7672
7506
7497
7492
7497
7504
7504
7511
7512
7517
7517
7508
7506
7512
7503
7513
7516
7525
7525
7523
7526
7526
7535
7539
7539
7543
7540
7537
7544
7554
7558
7564
7571
7571
7570
7563
7562
7565
7561
7561
7556
7560
7563
7552
7555
7558
7562
7566
7568
7574
7583
7579
7566
7574
7581
7585
7592
7592
7594
7596
7584
7590
7588
7589
7583
7579
7573
7581
7580
7584
7581
7526
7406
7409
7414
7417
7402
7400
7399
7405
7403
7414
7415
7412
7412
7409
7407
7400
7427
7447
7479
7496
7527
7538
7536
7526
7534
7565
7597
7629
7638
7655
7692
7717
7737
7751
7755
7752
7747
7755
7747
7750
7752
7747
7754
7760
7776
7771
7771
7775
7771
7771
7773
7777
7781
7783
7775
7778
7777
7777
7781
7783
7778
7785
7776
7773
7768
7774
7764
7767
7768
7777
7779
7782
7777
7770
7777
7778
7781
7787
7788
7779
7780
7782
7808
7812
7810
7811
7810
7808
7801
7807
7806
7799
7802
7802
7812
7811
7814
7817
7810
7738
7657
7422
7386
7384
7377
7380
7377
7378
7382
7381
7380
7316
7222
7223
7220
7217
7247
7325
7270
7172
7329
7550
7602
7555
7649
7570
7474
7596
7699
7692
7691
7687
7526
7466
7572
7694
7693
7697
7692
7688
7660
7451
7345
7501
7446
7180
7128
7114
6915
6916
7115
7126
7132
7095
6904
6955
7118
7126
7132
7130
7131
7130
7095
6906
6957
7150
7158
7150
7153
7017
6933
7107
7152
7157
7162
7162
7169
7178
7210
7206
7202
7200
7205
7207
7209
7195
7102
6930
6954
6936
6946
6968
6974
7007
7037
7042
7047
7048
7106
7120
7141
7165
7166
7163
7160
7156
7161
7157
7164
7168
7175
7168
7167
7162
7163
7167
7167
7161
7167
7167
7166
7171
7163
7164
7167
7172
7174
7177
7171
7167
7130
7121
7118
7119
7161
7173
7174
7174
7168
7169
7173
7170
7166
7170
7174
7174
7172
7172
7173
7178
7173
7176
7179
7181
7169
7165
7169
7168
7173
7182
7178
7176
7072
7024
7098
7099
7123
7147
7175
7189
7187
7194
7192
7190
7188
7187
7192
7195
7187
7180
7179
7182
7182
7181
7189
7193
7186
7185
7181
7185
7190
7181
7182
7191
7189
7198
7192
7193
7191
7190
7188
7190
7192
7185
7173
7173
7175
7180
7184
7186
7185
7185
7183
7187
7190
7185
7187
7187
7193
7188
7187
7189
7186
7182
7190
7190
7197
7191
7182
7174
7168
7167
7161
7098
7100
7101
7134
7223
7300
7306
7308
7318
7326
7325
7326
7324
7326
7326
7334
7336
7337
7345
7332
7327
7316
7315
7318
7328
7329
7332
7330
7326
7328
7330
7327
7324
7326
7331
7332
7333
7331
7321
7326
7329
7330
7334
7306
7285
7303
7321
7318
7324
7333
7327
7333
7331
7331
7334
7330
7324
7323
7327
7333
7332
7333
7330
7324
7328
7340
7339
7351
7335
7318
7316
7312
7316
7321
7326
7315
7160
7133
7132
7141
7130
7123
7129
7128
7134
7133
7125
7124
7118
6957
6904
6895
6897
6889
6880
7004
7299
7321
7326
7315
7160
7133
7132
7141
7130
7123
7129
7128
7134
7133
7125
7120
6892
7050
7055
6840
6692
6727
6777
6961
7013
7022
7016
6851
6738
6729
6692
6524
6517
6525
6608
6889
6897
6894
6891
6893
6777
6555
6512
6523
6696
6756
6757
6822
6859
6859
6828
6653
6613
6540
6612
6820
6866
6870
6888
6776
6578
6572
6601
6685
6860
6878
6793
6763
6773
6864
6892
6989
6891
6855
6893
6937
6985
7093
7119
7131
7048
6939
6952
7077
7104
7104
7100
7094
7101
7127
7176
7189
7191
7195
7205
7214
7214
7215
7216
7221
7254
7257
7255
7255
7255
7253
7265
7264
7271
7276
7269
7266
7272
7275
7279
7247
6635
6643
6645
6638
6635
6636
6634
6637
6640
6639
6641
6638
6640
6638
6644
6650
6656
6655
6650
6643
6638
6640
6642
6638
6642
6642
6652
6652
6646
6645
6644
6640
6643
6644
6648
6652
6653
6653
6650
6655
6666
6677
6674
6670
6666
6655
6656
6662
6666
6668
6668
6670
6666
6659
6665
6672
6664
6669
6667
6667
6670
6669
6690
6721
6772
6777
6775
6793
6805
6871
6908
6906
6923
6941
7008
7005
7015
7007
7003
7011
7013
7009
7009
7047
7119
7199
7205
7205
7206
7204
7207
7257
7287
7287
7282
7273
7272
7277
7280
7285
7287
7292
7292
7291
7296
7264
7231
7210
7185
7154
7124
7087
7056
7047
7021
6865
6839
6836
6831
6827
6829
6826
6823
6828
6829
6830
6832
6832
6836
6837
6830
6823
6829
6830
6835
6837
6838
6834
6831
6835
6837
6837
6837
6830
6828
6829
6822
6824
6831
6829
6831
6836
6832
6836
6830
6817
6830
6830
6827
6836
6833
6830
6824
6828
6833
6832
6830
6827
6820
6813
6812
6814
6819
6823
6814
6811
6812
6812
6819
6713
6650
6658
6658
6660
6664
6659
6641
6371
6149
6110
6114
6211
6456
6560
6639
6642
6643
6655
6650
6524
6411
6405
6411
6457
6633
6654
6656
6660
6665
6660
6552
6412
6414
6448
6639
6651
6650
6646
6648
6657
6654
6654
6653
6657
6653
6569
6420
6417
6423
6578
6648
6657
6657
6657
6654
6651
6644
6549
6411
6408
6412
6504
6635
6629
6637
6642
6648
6649
6488
6406
6409
6411
6567
6643
6634
6635
6645
6634
6455
6402
6405
6536
6636
6636
6638
6637
6635
6627
6627
6624
6625
6631
6636
6639
6639
6637
6640
6645
6645
6645
6645
6646
6645
6645
6646
6642
6639
6639
6627
6627
6635
6717
6772
6778
6781
6787
6792
6809
6812
6810
6805
6802
6804
6805
6804
6802
6805
6809
6811
6809
6805
6814
6811
6811
6812
6809
6810
6807
6807
6816
6814
6818
6819
6817
6820
6818
6813
6811
6817
6818
6809
6809
6814
6821
6812
6815
6813
6806
6807
6805
6805
6807
6801
6800
6803
6803
6808
6788
6673
6665
6664
6660
6665
6665
6662
6628
6444
6429
6584
6648
6656
6656
6559
6431
6480
6659
6660
6653
6655
6607
6434
6427
6434
6623
6656
6659
6661
6657
6468
6441
6633
6659
6650
6649
6644
6468
6421
6603
6633
6641
6645
6595
6414
6447
6470
6485
6573
6608
6584
6409
6460
6625
6626
6629
6627
6505
6429
6534
6648
6651
6654
6657
6662
6661
6667
6687
6695
6682
6684
6689
6696
6697
6701
6702
6724
6725
6721
6701
6697
6684
6690
6744
6769
6777
6775
6776
6793
6806
6823
6826
6829
6827
6823
6824
6827
6836
6842
6848
6844
6845
6842
6842
6846
6844
6843
6841
6841
6839
6844
6843
6841
6843
6846
6840
6852
6856
6850
6845
6845
6847
6852
6855
6848
6853
6852
6852
6851
6856
6851
6847
6850
6840
6836
6844
6840
6839
6637
6352
6354
6361
6356
6355
6356
6355
6360
6358
6364
6355
6353
6355
6347
6346
6350
6347
6353
6353
6348
6348
6347
6344
6344
6342
6345
6317
6287
6285
6307
6348
6349
6351
6352
6355
6350
6336
6327
6336
6337
6347
6343
6352
6347
6347
6344
6340
6338
6344
6349
6348
6352
6350
6344
6344
6338
6339
6348
6347
6351
6343
6346
6344
6342
6343
6345
6350
6348
6341
6338
6341
6336
6331
6339
6342
6346
6348
6345
6341
6343
6340
6329
6324
6318
6312
6046
6315
6312
6309
6310
6310
6307
6325
6351
6362
6364
6358
6367
6370
6376
6389
6395
6397
6399
6397
6400
6406
6401
6409
6410
6410
6412
6417
6419
6413
6420
6435
6420
6411
6521
6560
6555
6567
6574
6607
6646
6651
6656
6673
6689
6691
6689
6685
6689
6712
6714
6723
6721
6718
6724
6729
6657
6734
6730
6736
6742
6757
6792
6821
6861
6942
6982
6970
6992
6984
6989
6998
6998
7011
7059
7095
7122
7141
7230
7245
7246
7243
7245
7252
7260
7244
7238
7244
7253
7290
7309
7314
7318
7341
7338
7348
7355
7361
7362
7359
7396
7429
7443
7451
7467
7469
7471
7480
7477
7475
7473
7467
7472
7472
7466
7490
7504
7497
7489
7486
7496
7502
7497
7491
7490
7487
7489
7483
7490
7493
7493
7500
7501
7500
7504
7496
7501
7501
7505
7502
7506
7504
7501
7501
7499
7496
7494
7493
7495
7494
7488
7489
7482
7484
7482
7484
7487
7491
7486
7484
7485
7490
7490
7490
7490
7500
7497
7489
7486
7485
7488
7488
7489
7486
7485
7484
7479
7475
7485
7483
7478
7480
7483
7485
7487
7483
7482
7483
7490
7488
7489
7491
7484
7480
7474
7472
7475
7481
7489
7485
7489
7485
7489
7499
7491
7489
7497
7496
7493
7492
7473
7462
7468
7469
7476
7487
7481
7474
7472
7469
7468
7465
7468
7485
7498
7513
7508
7507
7469
7471
7466
7477
7478
7472
7452
7437
7439
7442
7441
7447
7452
7447
7443
7439
7441
7441
7448
7447
7446
7440
7428
7402
7405
7403
7404
7410
7405
7408
7405
7401
7397
7392
7387
7392
7407
7413
7391
7355
7352
7351
7347
7340
7181
7010
6991
6994
6996
7001
6994
6925
6924
6918
6915
6814
6673
6667
6594
6455
6407
6400
6437
6406
6393
6391
6461
6614
6735
6736
6752
6824
6815
6823
6847
6935
6937
6939
6932
6939
6995
7069
7064
7062
7072
7072
7036
6938
6932
6937
6938
6941
6941
6940
6941
6940
6941
6983
7060
7082
7167
7167
7082
6959
6955
6949
6953
6887
6863
6869
6855
6935
6935
7002
6998
6871
6795
6699
6626
6815
6984
7017
6944
6820
6694
6702
6905
6981
7033
7028
7016
6865
6645
6630
6719
6954
7033
7026
6896
6678
6629
6822
6955
6980
7030
6950
6706
6573
6655
6897
6950
6961
7046
7048
7042
7050
7050
7051
7047
7103
7119
7157
7171
7174
7124
7111
7106
7107
7108
7105
6914
6865
6875
6896
6920
7098
7147
7147
7142
7121
6917
6898
7076
7136
7132
7131
7126
7077
7084
7086
7086
7088
7086
7088
7085
7077
7077
7089
7084
7086
7084
7084
7085
7087
7113
7157
7160
7157
7111
6913
6913
6984
7139
7149
7146
7146
7154
7149
7146
7145
7137
7140
7168
7190
7226
7233
7235
7233
7229
7229
7235
7248
7256
7273
7271
7273
7264
7268
7277
7278
7281
7285
7281
7287
7285
7283
7283
7292
7291
7293
7290
7287
7290
7281
7233
7285
7287
7288
7287
7297
7310
7309
7329
7329
7341
7350
7365
7365
7369
7372
7381
7390
7386
7402
7403
7443
7382
7389
7376
7338
7348
7382
7382
7373
7374
7335
7286
7289
7290
7288
7293
7296
7302
7305
7305
7298
7301
7302
7307
7305
7161
7095
7101
7104
7267
7290
7288
7293
7289
7292
7290
7190
6882
6770
6772
6779
6784
6886
6982
6973
6977
6981
6938
6819
6750
6742
6635
6531
6603
6855
7072
7084
7002
6862
6854
6859
6855
6863
7041
7073
7080
7088
7084
7087
7003
6859
6856
6861
6863
6927
7062
7065
7064
7102
7142
7161
7173
7188
7019
6980
6985
7108
7241
7256
7261
7273
7275
7199
7040
7038
7057
7237
7275
7266
7257
7259
7265
7174
7040
7044
7081
7263
7276
7277
7281
7273
7259
7267
7127
7054
7093
7277
7346
7343
7341
7343
7398
7511
7537
7538
7533
7530
7545
7546
7549
7545
7518
7498
7467
7450
7280
7240
7241
7241
7247
7248
7245
7235
7237
7237
7249
7260
7263
7260
7228
7220
7241
7242
7242
7237
7244
7247
7277
7362
7380
7368
7377
7388
7386
7371
7355
7353
7350
7342
7357
7353
7355
7352
7351
7352
7347
7344
7326
7327
7314
7299
7300
7304
7304
7285
7268
7246
7239
7243
7242
7236
7230
7208
7182
7166
7149
7136
7127
7126
7106
7009
6921
6905
6908
6909
6910
6911
6914
6911
6905
6913
6916
6912
6916
6912
6909
6913
6915
6914
6919
6920
6918
6906
6905
6911
6906
6908
6912
6911
6916
6912
6910
6911
6910
6914
6921
6921
6923
6929
6921
6915
6913
6920
6921
6925
6924
6921
6919
6915
6914
6917
6916
6917
6913
6916
6914
6912
6916
6914
6911
6919
6916
6919
6919
6915
6919
6910
6913
6917
6919
6915
6911
6905
6909
6913
6909
6912
6914
6913
6918
6792
6718
6712
6699
6701
6707
6714
6714
6714
6702
6519
6469
6472
6582
6697
6703
6691
6697
6704
6636
6478
6481
6497
6674
6647
6575
6658
6693
6698
6696
6514
6470
6472
6501
6684
6697
6687
6691
6699
6703
6695
6670
6500
6491
6537
6704
6717
6689
6646
6646
6626
6446
6420
6461
6625
6632
6463
6370
6370
6366
6322
6135
6119
6151
6438
6498
6505
6498
6493
6430
6201
6141
6147
6317
6364
6358
6521
6676
6683
6676
6689
6768
6779
6654
6565
6565
6560
6561
6552
6593
6708
6710
6707
6709
6696
6586
6575
6635
6710
6787
6806
6808
6809
6811
6814
6799
6635
6587
6583
6609
6705
6705
6790
6804
6800
6787
6622
6578
6608
6698
6745
6778
6777
6655
6575
6675
6707
6705
6705
6738
6801
6795
6800
6805
6818
6814
6812
6839
6842
6848
6870
6880
6874
6867
6869
6879
6894
6900
6910
6917
6917
6925
6926
6933
6935
6940
6941
6942
6942
6954
6955
6960
6972
6977
6988
6991
6987
6986
6994
6984
6999
6995
6992
7001
7001
7005
7016
7022
7024
7059
7099
7092
7088
7095
7102
7101
7093
7098
7106
7112
7166
7172
7212
7265
7273
7304
7347
7372
7388
7386
7382
7377
7349
7353
7330
7368
7400
7407
7416
7423
7421
7457
7503
7515
7515
7521
7533
7537
7542
7550
7558
7562
7559
7557
7552
7571
7598
7611
7604
7600
7592
7594
7605
7638
7691
7720
7756
7770
7772
7782
7791
7789
7788
7755
7640
7651
7660
7660
7658
7675
7673
7680
7688
7553
7454
7462
7514
7429
7402
7414
7422
7448
7516
7532
7541
7551
7547
7579
7612
7617
7617
7613
7606
7608
7622
7675
7678
7683
7680
7734
7761
7753
7751
7751
7752
7752
7759
7779
7791
7792
7785
7789
7793
7849
7915
7914
7917
7910
7957
7968
7966
7987
8005
8012
7946
7884
7877
7878
7874
7874
7883
7888
7888
7894
7910
7916
7916
7912
7918
7924
7907
7698
7654
7661
7824
7870
7877
7879
7880
7887
7877
7882
7884
7884
7874
7700
7680
7683
7772
7885
7885
7885
7885
7886
7884
7885
7877
7872
7875
7883
7891
7893
7898
7887
7888
7877
7879
7874
7872
7872
7878
7882
7892
7887
7884
7890
7888
7881
7887
7891
7886
7886
7880
7881
7880
7869
7875
7878
7876
7871
7863
7870
7875
7878
7880
7884
7888
7890
7886
7886
7889
7890
7880
7880
7877
7778
7664
7661
7684
7859
7880
7883
7890
7884
7853
7666
7662
7697
7857
7881
7890
7880
7878
7876
7711
7674
7670
7745
7886
7887
7883
7866
7864
7866
7869
7873
7891
7893
7889
7880
7875
7886
7884
7881
7890
7835
7679
7672
7672
7672
7671
7711
7847
7879
7876
7872
7865
7864
7870
7876
7880
7880
7882
7776
7656
7658
7793
7872
7881
7887
7888
7892
7892
7883
7768
7672
7666
7745
7888
7889
7894
7879
7879
7875
7887
7887
7893
7778
7669
7664
7775
7875
7875
7879
7884
7886
7891
7886
7893
7875
7704
7669
7696
7859
7879
7882
7881
7905
7973
7988
7999
7999
7998
7995
7985
7999
8027
8027
8034
8040
8046
8048
8050
8054
8053
8044
8041
8045
8049
8049
8066
8075
8087
8098
8099
8113
8113
8107
8108
8104
8103
8092
8084
8098
8100
8104
8106
8117
8117
8109
8097
8097
8098
8091
8099
8106
8109
8114
8052
8098
8107
8106
8103
8108
8111
8117
8118
8105
8102
8094
8091
8111
8116
8109
8098
8102
8104
8107
8108
8113
8118
8120
8124
8117
8117
8120
8114
8111
8114
8121
8121
8114
8111
8114
8115
8118
8130
8117
8079
8106
8102
8101
8110
8108
8114
8118
8122
8116
8013
8014
8019
8030
8052
8080
8098
8119
8127
8131
8122
8124
8114
8124
8117
8115
8113
8110
8108
8114
8113
8119
8125
8123
8121
8115
8111
8110
8114
8123
8128
8126
8121
8111
8113
8113
8116
8120
8125
8125
8120
8119
8120
8119
8118
8105
8112
8118
8119
8116
8108
8114
8111
8109
8116
8118
8121
8117
8104
8118
8114
8111
8113
8114
8108
8111
8100
8108
8109
8112
8111
8120
8122
8123
8120
8117
8116
8119
8116
8118
8119
8118
8113
8108
8107
8115
8109
8109
8109
8107
8108
8099
8105
8113
8111
8113
8120
8121
8123
8126
8122
8118
8115
8116
8120
8126
8117
8118
8115
8116
8119
8118
8119
8115
8120
8120
8119
8115
8120
8118
8120
8125
8131
8128
8125
8127
8131
8124
8124
8129
8129
8130
8118
8119
8119
8124
8126
8133
8126
8121
8120
8117
8119
8125
8122
8134
8136
8137
8141
8135
8128
8135
8129
8130
8133
8137
8130
8129
8126
8127
8127
8126
8134
8139
8134
8126
8129
8134
8119
8089
8076
8054
8023
7990
7941
7918
7890
7868
7708
7685
7685
7683
7679
7682
7683
7685
7682
7685
7691
7688
7680
7675
7673
7679
7676
7685
7687
7687
7686
7686
7684
7686
7682
7684
7688
7687
7684
7193
7136
7145
7162
7161
7169
7169
7164
7152
7147
7152
7153
7155
7160
7161
7163
7159
7154
7158
7161
7159
7165
7166
7161
7157
7150
7152
7156
7153
7162
7162
7167
7164
7156
7152
7156
7155
7155
7156
7161
7160
7158
7157
7159
7155
7150
7158
7164
7157
7094
7072
7081
7079
7077
7095
7117
7134
7131
7129
7135
7148
7106
7067
7078
7087
7091
7088
7093
7104
7087
6958
6954
6971
7104
7127
7144
7253
7287
7299
7284
7111
7075
7057
7075
7093
7133
7206
7308
7339
7427
7432
7411
7205
7087
7089
7103
7111
7086
7106
7248
7265
7352
7349
7260
7166
7151
7029
7000
7184
7241
7197
6983
6977
7267
7375
7348
7270
7279
7167
7089
7050
7163
7153
7152
7037
6882
6883
6895
7115
7221
7319
7273
7097
7089
7022
7104
7170
7261
7046
7029
7130
7364
7370
7235
7144
6995
7004
7143
7366
7365
7361
7135
6891
6925
7175
7251
7283
7318
7310
7176
7136
7210
7286
7292
7313
7307
7313
7340
7394
7403
7416
7274
7209
7222
7239
7240
7238
7240
7260
7263
7260
7272
7292
7310
7308
7304
7300
7296
7297
7321
7327
7325
7329
7327
7325
7297
7120
7106
7131
7319
7433
7436
7441
7461
7455
7373
7210
7208
7282
7434
7439
7444
7449
7451
7448
7441
7447
7447
7440
7444
7444
7442
7426
7241
7209
7206
7214
7408
7454
7453
7459
7451
7452
7449
7448
7446
7450
7415
7394
7376
7442
7473
7476
7464
7469
7474
7470
7454
7269
7236
7238
7234
7234
7234
7234
7234
7234
7234
7234
7234
7238
7295
7461
7461
7464
7465
7470
7474
7472
7476
7475
7431
7251
7237
7239
7395
7473
7475
7478
7479
7471
7467
7456
7275
7232
7231
7265
7433
7464
7466
7470
7469
7474
7461
7283
7239
7245
7318
7471
7474
7470
7466
7465
7545
7603
7664
7661
7653
7658
7656
7665
7670
7672
7660
7659
7661
7654
7661
7671
7668
7674
7677
7672
7674
7670
7674
7678
7683
7690
7688
7684
7680
7675
7673
7672
7674
7676
7677
7682
7681
7675
7680
7679
7680
7678
7680
7678
7670
7675
7671
7676
7676
7679
7677
7675
7671
7668
7662
7661
7666
7669
7672
7674
7674
7673
7666
7679
7676
7675
7676
7677
7681
7681
7676
7671
7668
7674
7677
7675
7679
7675
7671
7666
7680
7666
7667
7668
7670
7669
7667
7667
7672
7671
7530
7468
7473
7476
7469
7469
7471
7473
7471
7470
7475
7448
7254
7225
7246
7437
7466
7467
7469
7469
7470
7323
7241
7243
7240
7237
7239
7246
7268
7447
7470
7475
7478
7478
7469
7362
7348
7354
7185
7049
6914
7106
7248
7288
7355
7357
7352
7060
6891
6885
6900
7080
7130
7184
7234
7249
7147
7030
7029
7028
7031
7067
7113
7114
7105
7108
7116
7137
7183
7021
7019
7053
7304
7279
7131
7128
7255
7254
7145
7114
6939
7032
7108
7120
7121
7229
7258
7354
7356
7248
6971
6885
6994
7202
7233
7262
7336
7331
7332
7392
7511
7547
7587
7638
7698
7718
7717
7718
7756
7779
7823
7820
7814
7809
7808
7821
7824
7827
7833
7832
7833
7848
7876
7877
7892
7924
7952
7953
7951
7951
7944
7947
7954
7949
7958
7975
7968
7968
7968
7973
7986
7992
7996
7998
7995
7996
7994
7990
7989
7982
7984
7988
7991
7985
7987
7993
7977
7870
7884
7901
7891
7888
7892
7889
7887
7892
7841
7784
7766
7765
7768
7769
7800
7818
7822
7820
7825
7818
7812
7786
7618
7612
7618
7780
7835
7836
7832
7825
7826
7836
7839
7743
7625
7623
7718
7839
7848
7846
7846
7846
7846
7845
7850
7849
7854
7862
7863
7867
7874
7863
7859
7863
7860
7863
7865
7875
7877
7872
7853
7666
7658
7673
7830
7871
7873
7873
7874
7873
7868
7871
7749
7660
7663
7664
7762
7876
7872
7876
7874
7878
7879
7879
7861
7673
7601
7538
7538
7545
7550
7543
7544
7546
7548
7548
7547
7555
7561
7563
7566
7586
7757
7764
7764
7771
7775
7845
7882
7879
7711
7658
7698
7871
7884
7890
7889
7884
7882
7880
7884
7881
7882
7895
7890
7890
7883
7878
7875
7851
7684
7676
7764
7889
7892
7888
7888
7891
7888
7885
7889
7803
7705
7684
7697
7825
7872
7871
7883
7931
7967
7967
7963
7962
7969
7980
7988
8001
8003
8007
8007
8016
8016
8020
8017
8018
8015
8018
8019
8019
8024
8025
8030
8038
8044
8045
8049
8036
8037
8030
8038
8052
8053
8052
8054
8043
8044
8043
8045
8045
8046
8045
8034
8035
8036
7987
8033
8029
8033
8050
8058
8058
8054
8054
8051
8058
8059
8061
8060
8060
8060
8055
8056
8008
8060
8060
8056
8058
8054
8046
8050
8052
8052
8054
8060
8062
8060
8054
8059
8054
8051
8056
8058
8061
8064
8059
8056
8053
8053
8053
8059
8061
8054
8055
8047
8055
8054
8062
8071
8098
8106
8103
8104
8099
8100
8096
8096
8097
8097
8099
8099
8103
8105
8098
8103
8104
8123
8137
8145
8140
8141
8145
8148
8151
8158
8158
8152
8148
8147
8146
8150
8156
8151
8147
8150
8151
8154
8152
8150
8154
8149
8149
8148
8146
8149
8144
8143
8148
8142
8148
8150
8148
8146
8153
8151
8149
8152
8149
8151
8142
8143
8144
8149
8148
8224
8235
8235
8236
8235
8242
8242
8237
8241
8238
8238
8242
8237
8235
8241
8243
8245
8241
8243
8239
8240
8237
8245
8242
8242
8239
8236
8240
8238
8237
8241
8241
8239
8238
8233
8240
8241
8236
8243
8251
8246
8240
8240
8238
8236
8231
8235
8238
8243
8232
8235
8235
8236
8240
8250
8263
8264
8266
8275
8276
8270
8263
8262
8270
8279
8268
8278
8275
8279
8277
8273
8276
8278
8273
8282
8285
8290
8293
8295
8297
8305
8307
8309
8309
8299
8300
8294
8294
8298
8293
8303
8305
8304
8307
8292
8297
8354
8405
8391
8415
8431
8486
8549
8585
8584
8587
8586
8608
8623
8631
8630
8625
8647
8652
8655
8662
8668
8669
8666
8666
8669
8656
8666
8666
8671
8666
8663
8662
8661
8662
8662
8653
8682
8704
8685
8682
8675
8677
8679
8675
8681
8680
8681
8676
8669
8673
8694
8703
8710
8709
8709
8704
8701
8703
8711
8725
8723
8730
8762
8782
8779
8772
8771
8772
8769
8775
8777
8778
8771
8770
8771
8765
8771
8772
8772
8778
8779
8774
8778
8777
8776
8784
8790
8791
8790
8790
8787
8781
8782
8787
8785
8782
8769
8725
8755
8728
8705
8576
8574
8575
8582
8578
8570
8575
8568
8573
8578
8583
8578
8573
8566
8563
8562
8451
8352
8353
8452
8574
8574
8575
8568
8571
8580
8595
8593
8596
8593
8466
8377
8382
8517
8588
8601
8592
8597
8594
8590
8586
8585
8595
8600
8601
8610
8603
8604
8483
8380
8383
8390
8481
8600
8609
8610
8610
8606
8605
8611
8603
8603
8414
8385
8351
8438
8412
8361
8395
8413
8417
8412
8413
8423
8423
8250
8236
8235
8364
8458
8462
8454
8452
8459
8459
8453
8287
8239
8250
8351
8470
8472
8479
8478
8481
8453
8257
8247
8269
8450
8481
8483
8483
8493
8482
8481
8347
8259
8259
8265
8326
8470
8474
8474
8530
8575
8575
8581
8581
8586
8587
8590
8588
8591
8596
8610
8630
8688
8719
8723
8740
8738
8732
8734
8740
8742
8257
8082
8081
8077
8072
8075
8089
8076
8079
8089
8088
8095
8079
8066
8081
8092
8126
8135
8136
8133
8128
8127
8129
8133
8136
8140
8139
8134
8134
8133
8136
8141
8137
8142
8088
8004
8004
8001
8007
8020
8015
8018
7971
7803
7720
7387
7387
7392
7381
7041
6824
6729
6706
6695
6697
6705
6701
6702
6704
6705
6708
6708
6780
6838
6849
6853
6850
6881
6945
6942
6942
6938
6936
6960
7005
7007
7006
7003
7007
7069
7139
7164
7192
7195
7189
7188
7213
7211
7204
7216
7220
7228
7232
7229
7232
7234
7306
7359
7374
7383
7370
7373
7382
7418
7463
7514
7566
7588
7589
7595
7602
7604
7626
7631
7648
7644
7662
7668
7680
7688
7691
7709
7753
7761
7756
7756
7753
7756
7755
7758
7764
7772
7767
7777
7805
7825
7816
7817
7818
7823
7839
7864
7829
7830
7825
7816
7823
7821
7818
7819
7817
7821
7819
7813
7812
7684
7613
7612
7609
7611
7624
7666
7694
7704
7712
7708
7527
7525
7562
7701
7821
7830
7830
7825
7839
7846
7843
7843
7847
7841
7672
7614
7626
7703
7902
7939
7982
8046
8040
8040
8055
8090
8134
8066
7960
7982
7995
8083
8289
8344
8368
8396
8422
8414
8353
8183
8177
8196
8227
8405
8489
8515
8518
8519
8521
8537
8368
8330
8335
8351
8532
8562
8572
8574
8572
8560
8444
8329
8331
8384
8564
8573
8577
8575
8569
8527
8349
8336
8332
8428
8562
8567
8568
8566
8567
8641
8718
8764
8765
8761
8761
8761
8761
8765
8775
8781
8775
8774
8770
8774
8776
8784
8787
8786
8787
8781
8781
8777
8764
8764
8774
8777
8776
8772
8773
8770
8751
8739
8749
8752
8752
8747
8743
8737
8727
8728
8737
8745
8741
8737
8735
8734
8735
8731
8727
8739
8735
8727
8726
8728
8720
8721
8721
8704
8707
8717
8712
8712
8713
8713
8705
8711
8713
8708
8708
8707
8718
8748
8750
8753
8756
8756
8729
8599
8591
8448
8405
8399
8406
8407
8405
8401
8400
8393
8219
8180
8218
8249
8418
8446
8451
8447
8327
8143
8020
8216
8225
8337
8305
8167
8280
8450
8450
8459
8397
8099
7946
7964
8180
8193
8208
8374
8412
8416
8414
8413
8417
8262
7952
7926
8125
8313
8429
8419
8389
8183
8130
8350
8237
8177
8177
8241
8143
8120
8307
8379
8374
8259
7741
7442
7547
7929
7962
7966
7945
7716
7634
7677
7678
7695
7836
7929
7931
7961
7996
8008
8099
8167
8186
8169
8130
8151
8190
8217
8236
8265
8266
8271
8286
8287
8290
