4161
4279
4355
4261
4361
4299
4322
4396
4456
4541
4591
4670
4795
4871
5107
5232
5430
5333
5120
4960
5075
4897
4778
4940
4623
4461
4533
4574
4561
4438
4485
4399
4421
4423
4277
4343
4334
4365
4274
4170
3980
4265
4171
4457
4793
5117
5318
5322
5337
5419
5506
5413
5433
5200
5220
5227
5561
5562
5453
5501
5642
5740
5759
5936
5815
5865
5922
6040
6004
5834
5462
5351
5242
5090
4754
4499
4513
4192
4347
4072
3872
3751
3721
3429
3211
3086
2875
2489
2093
2017
1526
1401
1558
1826
2131
2508
2532
2450
2467
2299
2121
1994
2057
2215
2356
2686
2948
3071
3580
4340
4802
5520
5888
5991
5963
5821
5601
5219
4951
5130
5084
5118
5181
5154
5149
5047
5176
5307
5683
5559
5249
5495
5625
5554
5658
5837
5796
5889
6025
6114
6133
6047
5912
5757
5704
5661
5655
5689
5726
5704
5652
5546
5876
5917
5835
5867
5823
5704
5513
5326
5365
5252
4934
5021
5085
5041
4875
4853
4822
4926
4900
4880
4814
4699
4857
4749
4507
4433
4494
4267
3690
3271
2923
2450
1843
1744
1717
1848
1942
2101
2512
2790
2822
2655
2785
2932
2953
3034
2928
2804
2898
3159
3315
3561
3739
3858
4029
4000
4136
4189
4182
4038
4242
4150
4069
3753
3448
3272
3198
2746
2734
2644
2545
2516
2487
2533
2560
2630
2787
2770
2478
2285
2503
2793
3072
2959
2944
2885
2954
2743
2809
2839
2698
2707
3057
3075
3235
3497
3773
3771
3618
3334
2910
2956
2880
2680
2673
2160
1870
1522
1252
971
739
711
558
554
696
876
1033
1446
1759
2046
2575
3117
3640
3829
3590
3509
3488
3817
3977
3991
4570
4594
4757
4834
4772
4512
3898
3530
3443
3448
3186
3220
3138
2805
2626
2409
2160
1821
2021
2062
2098
2156
2512
2453
2614
2629
2442
2587
2048
1854
1799
1637
1463
1073
922
811
672
640
683
849
882
783
728
856
879
1244
1537
1986
2451
3006
3110
3154
3132
3025
3001
3285
3484
3536
3669
3835
4071
4133
3994
3827
3892
4119
4299
4290
4295
4280
4106
4069
3637
3230
2965
2721
2708
2670
2615
2704
2673
2677
2595
2419
2326
2308
2372
2647
2667
2679
2684
2798
2926
3121
3272
3398
3775
3751
3630
3522
3374
3308
3228
3106
3062
3166
3232
3195
3013
3028
3051
2714
2845
2838
2732
2456
2606
2422
2041
1542
1535
1497
1301
1312
1206
1469
1740
1805
1986
2234
2258
2266
2434
2663
2669
3114
3577
3757
4027
4262
4323
4680
5018
5029
4981
4913
4689
4166
3679
3147
3047
2911
3061
3145
2603
2415
2331
2126
1803
1853
1885
1800
1710
1349
1299
1222
1181
1121
1008
1088
1100
1247
1070
1222
1326
1301
1196
1082
1123
1164
1050
950
901
831
707
553
513
445
344
255
236
248
289
370
495
643
839
973
1106
1213
1425
1650
1968
2172
2429
2530
2934
3169
3221
3308
3498
3424
3419
3617
4046
4248
4365
4489
4795
4761
4750
4667
4655
4391
4340
4186
4034
3861
3801
3639
3652
3584
3281
3131
2994
2963
2682
2576
2493
2424
2082
1878
2030
2032
1935
1866
1700
1589
1618
1878
2477
2632
2775
3024
3209
3219
3560
3906
3726
2716
3162
4506
4481
3686
3505
3064
3430
3003
2760
2626
2437
2049
1546
1305
1344
1572
1886
2098
2229
2429
2633
2792
2902
3011
3079
3125
3382
3616
3707
3828
3954
3869
4055
4042
4416
4696
4562
4667
4299
4040
3899
3890
3956
4105
4533
4647
4177
4189
4826
5341
5247
5232
5350
5529
5642
5219
5298
4793
4247
3706
3140
3159
4016
4218
3960
3306
3739
4120
4940
5463
5094
5074
5252
5316
5245
5060
5071
4678
5118
5275
5423
5455
5544
5360
5333
5306
4995
4838
4723
4716
4453
4204
3935
3636
3678
3551
3533
3397
3380
3373
3214
3239
3602
3628
3507
3597
3819
3661
3741
3661
3802
3518
3630
3718
3645
3370
3145
3075
3077
3004
2989
3041
3183
3536
3567
3644
3690
3771
3919
4082
4139
4344
4286
4121
4105
4239
4305
4457
4569
4765
4718
4721
4561
4372
4121
4268
4084
4235
4258
4146
3900
3825
3551
2954
2556
2206
2055
1830
1706
1742
1711
1691
1745
1668
1558
1504
1350
1405
1355
1388
1465
1578
1750
1797
1422
1460
1711
1721
1639
1859
1919
1918
2040
2412
3114
3691
4321
4903
5588
5853
5960
6054
6180
6193
6046
5657
5158
4703
4343
4109
3869
4048
4420
4779
5215
5123
5095
5186
5067
5142
5357
5643
5573
5805
5909
5925
5581
5523
5255
5133
5117
5184
5286
5334
5351
5571
5668
5632
5717
5751
5827
5856
5875
5951
5854
5466
5414
5410
5430
5356
5030
4729
4442
4393
4537
4206
4389
4262
4395
4596
4502
4359
4102
4130
4566
4996
5017
4992
5335
5420
5533
5552
5375
5327
5298
5304
5285
5481
5601
5525
5618
5487
5373
4991
4839
4453
4438
4096
3557
3113
3031
3136
3314
3505
3481
3657
3892
3944
4072
4163
4351
4414
4791
4838
5195
5365
5472
5698
5883
5933
5897
5926
6025
5903
5851
5794
5764
5609
5332
5223
5127
5092
4645
4758
4727
4537
4320
3996
3765
3437
3490
3671
4020
4246
4285
4444
4443
4482
4438
4599
4728
4617
4435
4384
3972
3562
3265
2794
2445
2451
2427
2278
2352
2116
2143
2244
2188
1991
1891
1949
1945
2093
2093
2125
2814
3209
3097
2972
3099
3222
3233
2931
2568
2309
3024
3729
4185
5059
5180
5530
5789
5894
5847
5885
5661
5166
5127
5242
5295
5537
5671
5661
5750
5722
5656
5424
5669
5564
5256
5035
4962
4911
4904
4920
5001
4983
4990
4896
4784
4690
4856
4878
4862
4962
5095
5621
5882
5916
5992
5922
5856
5741
5726
5674
5549
5357
4830
4409
4044
3532
2920
2420
1905
1746
1679
1589
1472
1409
1391
1337
1361
1364
1243
1251
1212
1217
1171
1135
1157
1492
1741
1970
2052
2518
3363
3731
3943
4153
4322
4501
4790
4417
4305
4462
4711
4554
4754
4977
4496
3802
3847
4159
4601
4785
5047
5082
5135
5010
4988
4893
4841
4554
4007
4223
4544
4907
5251
5473
5542
5129
5188
4880
3708
3804
4263
3730
3398
3323
3509
3861
4356
4798
5115
5352
5423
5421
5327
5417
5551
5519
5227
5023
5156
5093
5253
5403
5446
5616
5500
5660
5744
5691
5575
5416
5153
4803
4479
3920
3028
2274
2365
2315
2568
2744
3124
3529
3982
4395
4884
5365
5647
5787
5636
5410
4927
4551
4232
3239
2973
2194
1911
2118
2511
2716
3014
3563
3842
4130
4614
5013
5255
5471
5557
5447
5399
5462
5445
5467
5468
5460
5415
5531
5496
5524
5410
5166
4966
4795
4582
4448
4015
3485
2780
2370
2420
2245
2166
1829
1292
979
1039
1227
1239
1197
1362
1446
1594
1679
1683
1731
1720
1675
1790
1966
2235
2575
2562
2539
2547
2647
2856
3109
2987
2886
3264
3448
3615
3578
3287
2928
2772
2669
2581
2095
1993
2050
2035
1909
1886
1852
1760
1691
1715
1616
1484
1350
1400
1510
1401
1357
1346
1365
1464
1470
1285
1237
1474
1336
1128
1089
1039
1061
951
785
727
795
885
1026
1140
1346
1631
1901
2266
2596
3185
3783
4059
4421
4868
5320
5473
5529
5666
5706
5748
5701
5830
5782
5668
5565
5323
5092
4901
4545
4034
3981
4094
4074
4115
4025
4208
4364
4338
4300
4219
4087
3961
4178
4459
4612
5052
5286
5400
5248
5390
5650
5832
5873
5979
6001
6046
5999
5799
5470
5373
5530
5560
5605
5522
5466
5532
5602
5446
5186
5106
4878
4594
4515
4427
4546
4408
4529
4730
5016
5695
5967
5966
5876
5862
5732
5681
5573
5400
5395
5344
4945
5042
5235
5061
5006
5076
5212
5223
5349
5828
6028
5978
5796
5624
5547
5397
5160
5022
4725
4251
3979
3760
3419
3033
2663
2906
2808
2835
3010
3197
3408
3396
3331
3348
3385
3556
3548
3861
4618
5122
5170
5136
5534
5540
5583
5731
5748
5653
5656
5761
5874
5856
5764
5720
5780
5903
5880
5674
5592
5529
5237
5174
4970
4542
4956
5004
4684
4663
4314
4136
3933
3801
3835
3968
4090
4252
4315
4028
3889
3819
3953
4046
4119
4101
4004
3706
3749
3987
4213
4304
4624
4701
4861
5391
5515
5519
5136
4914
4803
5002
4868
4870
4805
4668
3993
3402
3153
2984
2307
2044
1813
1586
1530
1177
1108
1040
920
879
790
792
1196
1312
1483
1725
1790
1625
1449
1517
1513
1607
1737
1786
1704
1734
1591
1715
1433
1371
1358
1184
1231
1148
1002
977
951
913
850
917
863
961
986
1128
1266
1237
1208
1284
1364
1754
2410
2762
3056
3264
3211
2932
2760
2675
2827
2649
2505
2425
2715
2735
2909
3150
3467
3644
3845
3971
4114
4154
3928
3971
3984
3573
3392
3310
2996
2702
2451
2170
1557
1130
786
808
707
695
487
431
651
772
1045
927
684
539
419
413
440
483
497
527
438
714
781
956
1238
1572
1581
1695
1875
2252
2267
2276
2504
2489
2494
2589
2395
2141
1532
1269
1316
1281
1272
1333
1275
1150
1007
898
918
954
968
1103
1153
1423
1660
1789
2189
2530
2782
3009
3114
3074
3181
3403
3590
3982
4030
3942
3918
3702
3672
3664
3570
3395
3166
3077
2763
2695
2691
2561
2693
2872
2933
3094
3648
3987
3953
4082
4201
4024
3878
3705
3689
3781
4037
4280
4450
4399
4476
4601
5013
5212
5375
5321
5110
5225
4942
4812
4254
3511
2626
2073
1590
1402
1636
1503
1669
2071
2777
3047
3078
3565
4243
4872
5092
4874
5264
4956
4564
4253
3959
3907
3830
3991
3950
3863
4292
4713
4703
4773
4525
4507
4595
4597
4704
4411
4077
3836
3626
3253
3054
2812
2664
2507
2038
1709
1543
1388
1176
965
1040
1231
1420
1785
1953
2016
2111
1634
1365
1128
1109
959
1080
1026
1098
1565
1766
1779
1881
2075
2073
2100
2061
2040
1969
1955
1999
2140
2212
2173
2229
2219
2117
2101
2143
2047
1899
1661
1693
1526
1548
1466
1303
1266
1248
1188
1050
1044
1193
1374
1427
1310
1217
1203
1161
1034
946
858
864
894
886
764
586
492
431
362
349
346
347
350
350
394
432
514
573
619
682
797
900
985
996
1066
1102
1151
1204
1120
899
687
643
575
462
394
204
140
112
101
98
117
85
81
81
109
216
403
669
949
1269
1484
1500
1794
2135
2596
3213
3510
3829
3717
3914
4149
4429
4331
4484
4803
4978
5143
4837
4383
4453
4519
4669
4915
5038
4972
4684
4945
4979
5168
5092
4673
4324
4238
4025
4140
4387
4623
5038
4845
4390
4440
4525
4628
4556
4419
4340
4431
4320
4269
4337
4081
4161
3899
3838
3882
4308
4577
4809
4678
4861
4697
4630
4562
4230
4082
4162
3899
3952
3832
3834
3617
3514
3462
3321
3307
3169
3334
3319
3236
3121
3344
3166
2856
2676
2401
2198
2537
2540
2510
2290
2396
2255
2161
2326
2461
2456
2693
3180
3424
3361
3666
3828
4086
4644
5148
5513
5582
5496
5486
5328
5300
5294
5033
4971
4791
4815
4550
4370
4372
4067
4076
4236
4797
4730
4664
5225
5239
5394
5322
5313
5283
5103
5005
4898
4775
4862
4684
4620
4435
4332
4192
4151
4244
4396
4594
4780
5015
4826
4368
4497
4894
5241
5178
5100
5187
5051
4682
4362
4477
4847
5175
5237
5064
4540
3981
3714
3573
3578
3676
3770
4204
4444
4174
4067
4344
4361
4473
4611
4937
5227
5300
5231
4839
4278
3627
3519
3893
3852
4014
4037
3937
3822
3700
3663
3596
3577
3528
3792
3848
3801
3241
3334
3506
3586
3768
3550
3637
3558
3531
3548
3352
3316
3182
3047
3298
3211
3325
3021
2962
2957
2994
3015
2865
2563
2406
2247
2365
2081
2030
1487
1390
1231
783
746
760
691
580
587
596
640
835
1116
1280
1620
2132
2526
2831
2958
3093
3246
3341
3361
3237
3578
3830
4004
3897
3756
3710
3651
3510
3380
3332
3083
2360
1601
1278
1073
1005
941
1095
1143
1202
1372
1423
1404
1420
1556
1651
1690
1622
1469
1239
1063
918
827
1016
1200
1208
1302
1417
1454
1524
1132
767
962
1144
1332
1487
1327
1379
1477
1716
1601
1692
1795
1792
1700
1802
1953
2204
2339
2313
2330
2641
2633
2704
2471
2283
2213
2254
2412
2461
2194
2233
2620
2817
2882
2541
2501
2131
2074
2095
1976
1908
1951
2330
2639
2884
2854
2629
2605
2612
2451
2445
2623
2677
2712
2754
2677
2662
2638
2427
2430
2584
2287
2142
2345
2525
2373
2206
2426
2546
2470
2642
2667
2696
2995
3437
3725
4167
4334
4334
4232
4412
4353
4539
4495
4155
3109
2573
3139
3041
2849
2681
2613
2553
2111
2003
1834
1711
1599
1492
1478
1489
1565
1791
1929
1999
1964
1863
1767
1657
1587
1549
1517
1368
1342
1385
1466
1381
1293
1167
1096
1141
1121
1044
1053
1060
1155
1278
1279
1348
1263
1282
1159
972
914
840
729
702
753
772
794
749
638
643
625
574
527
514
490
462
434
426
410
434
515
606
822
943
1033
1222
1382
1659
1818
1927
1967
1913
2096
2150
2073
2160
2291
2299
2439
2633
2994
3359
3641
3658
3638
3358
3177
2850
2766
2792
2531
2525
2661
2675
2563
2641
2288
1865
1775
1652
1422
1391
1380
1282
1237
1294
1274
1240
1389
1588
1591
1553
1496
1246
1092
992
933
835
845
801
711
614
494
525
550
535
437
390
351
382
533
636
701
801
942
933
925
1085
1048
1232
1576
1762
1894
1868
1959
2156
2448
2720
2608
2628
2759
2902
2710
2333
2376
2678
3122
3311
3529
3911
3790
3746
3896
3761
3755
3992
4316
4742
5066
5328
5619
5696
5718
5506
5389
5043
4731
4881
4768
4697
4361
4069
3484
2842
2345
2223
1937
1990
2344
2374
2199
1961
1894
2012
2118
2026
2007
1810
1764
2196
2455
2573
2335
2258
2509
3112
3209
3510
3846
4150
4382
4309
4315
4392
4483
4674
4861
5040
5163
5030
5059
4833
4661
4485
4131
3784
3366
3039
2924
2969
2989
3090
3227
3342
3289
3286
3226
3036
3044
2972
2773
2739
2950
3012
3090
3174
3074
3038
2873
2596
2410
2302
2300
2211
2161
2261
2395
2393
2333
2248
2117
1956
1611
1489
1145
1215
1390
1485
1552
1535
1470
1363
1334
1242
1080
989
956
923
789
871
911
883
815
833
807
787
697
723
913
1151
1349
1499
1581
1770
1889
1930
1795
1712
1740
1867
2000
2300
2727
2807
2779
2854
2801
2647
2737
3299
3509
3769
3980
4193
4287
4686
4831
4823
4909
4719
4175
4270
4169
4172
3980
4280
4112
3886
3509
3320
3200
3373
3405
3337
3211
3431
3639
3940
3975
4004
4073
3990
4194
4472
4553
4465
4269
4315
4511
4800
4891
4688
4678
4701
4688
4621
4402
4312
4031
3771
3278
2605
1969
1599
1360
1369
1492
1562
1596
1413
1361
1025
803
768
631
658
651
732
807
802
901
943
959
982
1040
994
1154
1243
1229
1302
1298
1365
1483
1385
1293
1341
1429
1623
1898
1913
2081
2287
2319
2107
2008
2116
2071
1956
2138
2374
2496
2445
2373
2343
2144
2192
2055
1908
2054
1960
2176
2542
2738
3217
3344
3610
3883
4285
4331
4363
4363
4605
4572
4628
4655
4622
4549
4366
4227
3976
3831
3277
3389
2899
2232
2129
2063
1971
1724
1507
1524
1488
1607
1677
1525
1452
1304
1225
1244
1207
1328
1600
1745
1692
1556
1236
1307
1163
1107
1050
1044
910
984
1019
1081
1117
1167
1089
972
985
1007
1299
1586
1471
1063
1054
1340
1569
1826
1825
1698
1657
2016
2117
2191
2217
2210
2193
2159
2044
2166
2144
2193
2324
2401
2280
2424
2944
3219
3254
3208
2890
2590
2363
2530
2784
2848
2530
2497
2479
2412
2258
2229
2210
2205
1991
1850
1830
1822
1851
2143
2614
2934
3073
2944
2923
2911
2926
2737
2733
2671
2439
2431
2472
2431
2309
2128
2032
1945
2033
2100
1989
2262
2499
2379
2250
2096
1836
1613
1737
1864
1756
1608
1512
1487
1341
1270
1198
1289
1391
1164
995
1055
1102
1272
1347
1389
1506
1627
1762
1835
1844
1688
1634
1528
1075
1046
1131
1116
1078
912
866
808
682
495
412
361
304
287
300
292
272
275
252
241
228
253
298
294
273
307
493
626
858
817
810
922
919
1052
1404
1616
1634
1747
1770
1468
1301
1192
1335
1396
1197
1258
1196
1491
1767
2163
2705
3219
3425
3386
3672
3657
3501
3557
3573
3483
3721
3934
3902
3939
3889
3885
3810
3505
3267
3053
2639
2817
2819
2815
2673
2448
2380
2107
1824
1806
1703
1716
1867
1741
1813
1825
1514
1194
1091
1054
979
987
1191
1242
1366
1396
1426
1241
1262
1146
1007
852
643
534
467
469
424
424
371
358
307
237
299
296
245
189
170
163
175
193
196
195
206
152
116
119
104
94
67
84
96
109
98
106
83
121
113
167
230
256
256
234
232
266
257
236
239
241
240
235
229
231
237
243
283
271
285
364
385
402
485
563
631
680
773
911
1156
1232
1332
1447
1463
1405
1496
1534
1636
1726
1780
1895
2112
1995
2144
2388
2281
2282
2332
2221
2042
2009
2030
2221
2420
2623
2456
2183
1950
1794
1745
1802
1858
2149
2121
2040
2081
2061
2049
2172
2092
2122
2080
1871
1691
1589
1445
1464
1453
1378
1404
1517
1606
1608
1486
1480
1412
1225
1126
1015
991
816
763
695
568
508
470
496
556
576
532
537
543
518
545
623
653
617
648
712
824
893
938
861
784
711
658
631
618
625
721
813
1123
1284
1294
1271
1253
1040
956
986
1060
1204
1281
1328
1367
1465
1393
1530
1447
1339
1467
1591
1702
1887
2099
2025
2471
2410
2728
3050
3181
3183
3266
3098
2965
2808
3181
3285
3195
2749
2160
1843
1844
1747
1729
1626
1548
1964
2055
2348
2651
2607
2685
2787
2860
2975
2937
3067
3180
3353
3498
3423
2932
3059
3233
3524
3676
3677
3659
3619
3368
3436
3390
3175
3094
3051
2835
3033
3131
3399
3333
3382
3713
3873
3797
3831
3782
3694
3636
3333
3087
2556
2216
1944
1811
1575
1526
1585
1670
1628
1551
1546
1627
1802
1834
2015
2155
2706
3208
3471
3405
3469
3579
3581
3576
3550
3792
3785
3815
3702
3666
3964
4231
4254
4358
4198
4035
3774
3237
2346
2215
2178
1951
2254
1907
1687
1979
2425
2585
2998
3425
3529
3346
3085
2964
3100
3134
2989
2916
2806
2853
2911
2998
3060
3103
3068
2995
2853
2924
3076
3166
3150
3201
3043
3132
3072
3098
3173
3142
3282
3551
3492
3478
3364
3381
3251
3106
2844
2639
2518
2480
2457
2342
2185
2002
1863
1819
1586
1571
1418
1150
861
698
504
652
479
423
456
550
549
425
332
396
432
443
529
554
551
462
361
333
259
319
262
217
185
189
253
396
470
627
791
963
1130
933
922
836
758
718
628
526
458
425
429
445
439
397
357
322
270
251
316
465
591
665
778
771
793
876
824
786
703
661
686
749
712
716
795
827
809
931
1035
1020
1064
1118
1256
1317
1391
1306
1248
1228
1069
940
902
854
732
658
642
671
579
567
586
609
626
709
857
1021
1398
1779
2117
2450
2551
2616
2592
2412
2308
2134
1709
1422
1260
1056
884
851
758
748
698
589
542
553
633
626
701
898
1200
1699
2087
2409
2767
3033
3302
3321
3252
3132
2955
2846
2712
2628
2434
2325
2317
2364
2438
2520
2612
2609
2605
2492
2171
2024
2010
1908
1848
1574
1406
1301
1273
1090
995
960
829
604
566
583
499
428
475
577
504
405
445
655
823
1125
1332
1706
2203
2549
2674
2658
2505
2684
2550
2109
1834
1711
2041
2209
1895
1700
1875
1801
1748
1605
1470
1452
1715
1569
1298
1352
1399
1165
1046
1256
1121
685
649
665
641
597
495
526
658
759
793
824
854
899
813
883
901
918
869
843
878
951
935
767
954
1299
1272
1668
1826
1760
2372
2410
2440
2570
2744
2867
2889
2833
2561
2303
1772
1641
1848
2136
2182
2104
1856
1352
1459
1381
1379
1455
1577
1991
2107
2054
1999
1982
2294
2458
2431
2737
2684
2443
2358
2354
2369
1864
2350
2257
2313
2307
2245
2111
1993
1926
1759
1726
1674
1586
1570
1409
1264
1246
1557
1769
1979
1861
1788
1710
1574
1539
1646
2229
2678
3106
2610
2360
2269
2281
2240
1893
1751
1661
1484
1325
1369
1380
1521
1606
1573
1581
1334
1166
1287
1110
999
969
950
957
865
818
782
755
712
695
738
694
614
662
754
953
986
1080
1208
1403
1466
1595
1527
1686
1615
1485
1553
1259
836
881
942
816
941
1072
1109
1057
944
979
842
964
1149
1115
1016
954
796
677
672
810
929
1112
1197
1429
1341
1118
964
967
914
938
1012
1148
1168
1154
1077
1038
972
937
1049
1155
1379
1513
1769
1708
1744
1548
1421
1326
1259
1364
1266
1262
1297
1230
1196
1103
1089
1101
1109
1108
1112
1109
1155
1173
1200
1274
1352
1287
1159
1183
1105
1162
1116
1193
1197
1038
887
827
780
751
757
813
718
630
578
532
454
459
491
530
585
557
512
517
542
541
530
500
417
392
467
405
369
338
260
212
177
166
141
112
53
71
107
116
159
190
216
226
255
259
250
83
207
202
187
163
160
202
232
252
264
257
289
406
539
670
789
786
752
703
730
772
943
1005
949
978
968
1076
1080
1108
1173
1138
1116
971
931
910
935
815
784
748
763
797
851
801
821
886
843
752
641
508
454
365
385
438
479
419
419
461
526
608
676
586
565
543
702
852
885
945
669
534
509
719
672
760
708
752
857
827
803
616
427
295
238
205
168
214
279
371
572
752
874
861
945
1197
1851
2475
2405
2204
2578
2515
2223
1891
1677
1645
1677
1786
2129
2505
2725
2645
2457
2413
2456
2440
2157
2036
1959
2256
2416
2258
2013
1597
1167
907
724
627
449
332
298
252
217
206
200
217
263
331
410
476
558
732
979
1370
1726
1970
2403
2727
2977
3005
2866
2919
2864
2759
2607
2756
2738
2213
2329
2299
2419
2968
2453
2201
2381
2094
1704
1545
1420
1099
1023
1084
1187
1388
1407
1407
1569
1440
1230
1024
1117
1197
1203
1483
1715
1667
1698
1652
1662
1832
1859
1817
1760
1634
1384
1117
1036
1045
1033
985
1068
1138
1009
925
766
565
571
535
614
739
808
693
646
759
828
1094
767
547
491
444
527
583
476
414
405
441
407
332
302
354
476
661
646
687
740
877
1170
1758
2068
2418
2581
2682
2471
2033
1708
1545
1612
1700
1756
1580
1243
1221
1309
1236
1238
1313
1289
1311
1285
1394
1511
1563
1387
1150
1159
1188
977
755
594
535
504
443
412
416
476
450
420
383
403
461
527
617
686
704
774
647
593
520
444
399
349
352
297
207
199
213
214
194
182
177
175
182
204
179
145
117
122
146
186
219
203
190
171
193
202
185
176
172
168
177
188
230
211
189
217
225
274
356
376
410
438
641
885
903
1026
1111
1094
1276
1508
1321
1264
1259
1183
941
871
846
711
677
614
755
810
752
768
716
614
741
742
744
900
1061
1077
1014
1077
1055
1163
1258
981
949
921
1092
1016
1005
854
830
868
1165
1096
1068
917
1090
1233
1555
2018
1897
1969
1919
1730
1676
1632
1649
1655
1688
1586
1724
1561
1385
1377
1364
1337
1214
1171
1241
1310
1257
1444
1571
1441
1490
1582
1657
1689
1578
1357
1179
887
795
788
732
667
502
537
458
430
449
459
595
699
819
926
1054
1212
1379
1467
1510
1574
1633
1493
1552
1500
1473
1411
1410
1235
1121
1026
901
846
757
715
793
807
777
826
946
1044
1160
1299
1484
1462
1366
1304
1153
990
1079
919
986
1059
974
878
837
833
713
633
539
509
515
558
671
819
887
944
992
1035
990
985
1010
1068
1011
1012
1047
999
1022
996
1001
993
989
996
1091
1093
1091
1129
1181
1101
1094
1115
1179
1039
849
780
726
649
559
474
344
299
283
246
206
204
198
203
212
205
252
300
372
468
508
558
591
712
708
796
778
689
634
634
575
536
481
497
567
575
525
452
454
467
506
597
687
735
842
870
825
726
732
759
739
706
669
547
434
391
411
414
448
450
396
377
310
308
259
256
453
675
515
529
712
682
617
723
885
940
918
977
815
725
696
777
848
782
662
623
580
492
447
422
377
364
309
284
298
292
313
366
368
374
407
518
566
600
674
704
703
678
762
727
701
685
671
644
675
702
654
645
755
926
956
1087
1224
1295
1190
963
799
786
773
722
644
683
753
776
754
827
979
1262
1371
1690
1505
1620
1838
2004
1890
1970
1962
1493
1296
1436
1507
1340
1210
1156
1020
999
943
905
832
757
707
737
886
841
791
764
903
864
1017
1050
1045
1019
1003
983
927
887
936
983
953
797
957
941
958
1068
1146
1315
1256
1271
1113
1031
854
726
705
644
508
369
286
304
276
246
323
293
229
152
119
105
90
89
100
127
194
223
259
334
353
335
346
336
287
289
247
215
198
172
157
159
150
162
140
114
91
124
100
116
153
220
261
294
299
325
322
338
290
258
303
410
585
702
873
971
1092
1141
1200
1414
1590
2096
2546
2984
3209
3304
3270
3262
3205
3028
2973
2987
2735
2685
2388
2310
2263
1845
1552
1576
1607
1486
1430
1510
1667
1797
1930
2225
2364
2856
3263
3161
3490
4008
3956
3848
3610
3404
3167
3293
3139
3070
3062
3050
3416
3581
3636
3645
3774
4020
4064
3996
3658
3321
3043
2695
2664
2443
2068
1876
1966
1761
1642
1570
1687
2077
2290
2371
2048
1952
1990
2020
1852
1994
2017
1818
1816
1836
1851
1637
1147
693
597
688
754
772
735
649
499
372
343
304
311
369
405
525
589
655
799
851
804
886
1056
1206
1298
1364
1625
1745
1586
1149
1069
1140
1083
1096
984
878
796
813
874
992
1062
1152
1265
1230
1026
958
755
563
478
385
322
284
182
152
157
143
138
153
137
124
139
153
148
156
156
146
145
184
267
385
628
826
951
930
753
784
821
936
1264
1578
1784
2130
2106
2530
2661
2615
2859
2837
2798
2923
2987
3063
3049
3172
3237
3288
3305
3217
3079
3030
2985
2907
2787
2691
2629
2595
2514
2432
2469
2367
2124
2117
2104
2052
2025
2012
1941
1942
1894
1841
1811
1705
1491
1390
1162
1025
972
1039
1056
1110
1088
1043
1030
1006
919
766
763
746
624
592
698
717
629
572
562
489
368
326
306
255
255
260
275
324
410
503
509
550
572
635
688
801
813
855
872
979
1055
962
1003
1111
1265
1207
1066
991
872
791
835
809
806
868
953
1018
1105
1146
1314
1403
1251
1369
1610
1638
1551
1495
1515
1375
1194
909
927
1156
1152
1062
1055
832
715
641
724
895
1077
1492
1892
2141
2214
2310
2632
2883
2981
3106
3278
3682
3737
3594
3467
3385
3286
3048
2858
2498
2244
2210
1844
1709
1576
1395
1126
959
818
805
754
667
576
505
494
415
348
329
304
414
586
740
898
1097
1203
1371
1477
1607
1717
1784
1859
1839
1977
2302
2454
2447
2394
2033
2107
2012
1822
1869
1793
1613
1488
1380
1370
1265
1106
962
749
595
571
323
276
250
218
251
287
316
388
442
646
869
1039
1250
1442
1798
1964
2176
2174
2250
2608
2805
2808
2534
2520
2989
3323
3354
3393
3257
3129
3260
3199
2836
2578
2623
2743
3453
3024
2255
1750
1568
1606
1372
1059
1320
1736
1728
1523
1587
1385
1439
1072
1211
1105
979
847
936
1032
731
810
1102
667
408
523
422
453
422
251
198
191
185
220
283
305
297
349
313
320
418
401
523
550
489
604
672
631
656
690
684
656
663
615
556
570
589
440
319
285
283
331
243
288
429
556
540
510
436
350
360
361
371
490
571
618
808
1016
1103
1112
1117
1083
1086
1057
929
899
858
877
1022
1259
1355
1354
1377
1475
1420
1247
1152
1152
1160
1157
1153
1131
1185
1228
1052
896
770
719
711
754
918
1119
1350
1612
1809
2011
2119
2177
2118
2024
1685
1316
1114
957
918
923
895
951
976
842
825
820
741
744
749
823
1029
1174
1394
1699
1752
1725
1675
1443
1202
1036
803
704
619
600
666
699
565
455
439
399
380
352
338
360
432
472
498
541
708
784
734
585
600
614
594
715
676
591
575
631
610
586
509
439
417
531
624
581
636
622
631
610
667
733
712
842
637
699
750
839
926
957
984
1049
1129
1272
1171
1050
873
800
908
918
942
913
802
710
507
378
393
444
398
317
287
288
267
264
355
753
1127
1135
1169
1156
1173
1190
1099
1141
1566
1834
1928
2056
2120
2103
2125
2075
1988
1812
1737
1739
1825
1857
1792
1815
1924
1951
2043
2061
2041
1929
1857
1848
1882
1921
1861
1602
1604
1618
1769
1861
1689
1856
2025
2191
2361
2475
2437
2410
2522
2738
2631
2612
2698
2880
3013
2736
2862
2791
2742
2537
2019
1659
1265
1070
1094
822
883
817
607
677
673
733
802
855
888
864
828
880
866
955
979
939
1007
1053
1209
1186
1032
1032
858
662
532
493
467
387
295
264
274
347
436
464
428
486
711
836
1040
1035
788
695
527
445
320
194
109
115
117
132
213
389
729
987
1161
1302
1459
1690
1817
2017
2032
2193
2340
2589
2769
2530
2506
2304
2348
2355
2255
2312
2169
1853
1848
1839
1872
1898
1854
1946
2073
2221
2411
2925
3014
3085
3226
3148
2978
2909
2838
2652
2676
2507
2533
2343
2226
2160
2076
1979
1840
1896
1860
2051
1864
1788
1597
1524
1542
1759
1774
1687
1530
1334
1040
691
570
469
345
265
294
338
375
378
395
393
483
549
597
666
754
902
1037
1122
1279
1208
1209
982
1015
1128
1180
1063
903
873
825
871
981
913
670
698
957
1334
1673
1838
1690
1259
996
910
1016
1083
1159
1378
1589
1738
1538
1464
1468
1537
1458
1274
1131
984
830
734
612
607
591
618
616
605
613
568
622
551
560
626
583
625
669
648
661
670
809
963
1034
1079
1205
1196
1168
1110
1076
1056
1193
1257
1069
1096
1170
1093
990
781
573
444
483
489
812
1541
2109
2134
2135
2017
1844
2215
2318
2360
2523
2951
3185
3090
3140
3105
2894
3401
3525
3124
2386
2011
1706
1503
1245
1126
1074
1217
974
1021
1384
1889
2317
2797
3009
2713
2506
2506
2663
2624
2595
3239
3583
3840
4230
4729
4993
4738
4418
4002
3636
3320
3205
3147
3182
3663
4300
5050
5269
5279
5149
5163
5151
5024
5036
5023
5053
5029
4922
4876
4663
4377
4116
3900
3787
3712
3757
3766
3819
4021
4340
4785
4770
4655
4605
4425
4332
4234
4206
4244
4058
4052
3956
3770
3915
3878
3587
3696
3626
3494
3513
3360
3371
3437
3496
3413
3334
3346
3397
3349
3464
3537
3621
3598
3454
3154
2763
2501
2275
2323
2251
1952
1885
1756
1645
1603
1614
1449
1255
1213
1014
974
1027
1197
1450
1567
1585
1733
1165
1017
1004
905
853
889
867
898
977
972
1001
918
968
977
1066
1166
1131
1039
1068
1358
1342
1353
1495
1603
1844
1798
1805
1577
1451
1429
1420
1340
1361
1646
2014
2557
2895
3297
3527
3805
3988
4006
3863
3787
3776
3885
3863
4125
4318
4443
4404
4319
4353
4521
4235
4212
4176
4162
4150
4244
4172
4265
4323
4463
4480
4536
4714
4898
4869
4776
4811
4895
5063
4952
4901
4991
4776
4503
4620
4381
4298
4344
4283
4256
4271
4255
4272
4221
3967
3599
3352
3238
3179
3201
3084
2943
2973
2647
2443
2352
2539
2364
2319
2752
3092
3287
3293
3279
3407
3494
3351
3226
3036
2921
2644
2441
2071
2136
2173
2093
1919
1762
1528
1436
1494
1465
1350
1210
1214
1147
1079
1042
988
1014
1024
1081
1146
1160
1121
1108
1100
1213
1494
1638
1554
1449
1378
1183
1140
1147
1187
1322
1484
1755
1861
1873
1902
2037
2118
2292
2347
2480
2468
2502
2647
3001
3253
3540
3648
3278
2842
2548
2561
2782
2708
2545
2594
2454
2405
2283
2212
1917
1749
1531
1417
1312
1307
1376
1427
1220
1241
1404
1423
1427
1347
1500
1186
1067
1113
1178
1343
1463
1475
1428
1507
1706
1529
1319
1262
1272
1174
1160
1335
1498
1762
1774
1814
1849
1622
1520
1249
924
836
835
735
799
785
746
688
595
490
412
345
319
320
272
254
252
293
384
421
410
433
504
569
581
486
527
697
830
1094
1453
1698
1843
1894
2214
2519
2931
3332
3735
4100
4258
4595
4487
4359
4251
4120
4065
3871
3682
3824
3822
3818
3670
3531
3435
3401
3617
3713
3854
3908
3914
3855
3586
3288
3121
3081
2932
2937
2859
2722
2776
2762
2509
2271
2149
1809
1383
1198
1081
1077
1044
957
964
1094
1186
1285
1453
1687
2038
2373
2661
3179
3240
3335
3348
3479
3507
3639
3766
3732
3601
3533
3434
3160
2920
2905
2545
2139
2128
1965
1982
2216
2232
2404
2824
3216
3407
3451
3762
3896
3890
3860
3908
3684
3794
3943
4079
4337
4229
4350
4581
4855
4930
5051
5019
5100
5013
4964
5123
5074
5030
4997
4925
4676
4622
4628
4609
4526
4535
4451
4569
4391
4359
4147
4118
3996
3990
3760
3649
3544
3628
3448
3356
3128
2896
2632
2620
2619
2558
2609
2376
2188
2080
2132
2023
1973
1715
1434
1207
794
653
634
607
670
701
912
1109
1343
1495
1404
1379
1216
1108
1033
942
982
998
959
864
839
890
815
739
832
874
943
875
796
858
858
796
757
789
717
747
799
723
704
695
745
636
755
840
734
631
562
531
463
490
474
437
411
383
429
409
310
269
269
302
302
280
314
341
329
382
336
278
271
263
293
248
314
394
402
435
480
559
588
676
775
945
828
0
964
803
834
780
655
584
613
651
640
696
692
572
533
510
530
445
415
418
393
343
256
246
219
204
190
184
207
228
259
287
270
275
281
289
314
320
296
291
285
288
352
383
377
359
414
433
435
416
476
468
526
515
544
546
571
618
696
614
526
525
458
431
449
535
547
646
756
746
765
815
824
963
1209
1193
1107
985
838
853
796
811
928
1018
1023
1025
1024
1151
1167
1189
1198
1173
1150
1257
1429
1642
1767
1688
1604
1573
1601
1348
1063
976
911
929
838
699
497
417
419
444
406
386
376
346
302
262
244
232
211
185
171
161
167
136
112
110
123
133
128
145
160
146
149
176
237
282
257
228
239
280
279
237
209
186
183
161
156
149
142
141
164
209
241
277
320
343
374
307
324
368
388
440
480
489
556
579
528
477
490
473
447
397
458
444
403
412
463
437
504
616
641
622
575
690
819
856
711
664
691
661
561
616
619
613
607
547
480
462
422
386
382
393
401
382
358
330
347
368
373
392
498
522
526
545
630
793
815
830
789
715
666
649
605
571
568
608
678
720
880
909
824
719
661
672
753
877
1047
1111
1145
1116
1161
1249
1315
1350
1205
1157
1114
966
1013
1163
1478
1627
1572
1535
1786
1689
1603
1651
1871
1981
1988
2062
2052
1965
1778
1614
1451
1293
1190
1103
999
936
919
967
918
735
584
650
580
554
539
543
587
725
794
738
725
683
619
564
522
441
329
290
260
228
195
205
234
283
258
260
254
235
241
251
253
300
399
603
775
780
772
797
729
742
757
777
755
802
784
790
750
730
612
528
472
387
338
374
448
529
522
609
686
717
647
583
556
492
498
576
622
623
630
668
710
660
595
606
665
694
744
740
691
646
660
713
803
788
849
841
872
818
770
787
773
716
655
590
544
521
383
299
218
189
200
183
148
152
216
179
189
222
269
270
283
277
292
378
387
423
441
450
419
444
480
523
572
527
594
745
854
890
994
1110
1435
1474
1487
1515
1472
1602
2053
2161
2131
2089
2107
2029
2200
2030
1802
1591
1461
1580
1514
1361
1439
1813
1619
1671
1704
1526
1499
1503
1209
1208
1013
1144
1148
1088
1073
1019
954
984
890
709
682
705
764
832
743
661
604
662
580
589
611
634
593
694
712
664
623
630
676
687
614
589
574
687
759
904
935
981
985
938
1075
1225
1305
1551
1831
2035
2331
2464
2600
2647
2896
2986
2765
2885
3131
3055
2964
2904
2700
2799
3123
3120
3131
3228
2881
2413
1928
1761
1616
1457
1471
1694
2148
2444
2602
2813
3087
3530
3512
3602
3577
3833
4057
3997
3725
3600
3649
3507
3616
3772
3960
4295
4504
4431
4472
4406
4115
4041
4027
3796
4004
4737
4937
4615
4622
4728
4408
4023
3788
3544
3368
2928
2343
1913
1779
1754
1689
1744
1750
1721
1778
1693
1557
1425
1395
1424
1330
1218
1344
1691
2046
1912
1574
1603
1575
1722
1679
1692
1643
1879
2059
1938
1758
1733
1850
1680
1560
1460
1312
1065
858
765
705
670
635
693
666
572
548
479
405
386
371
317
329
340
345
327
377
413
437
427
449
432
402
377
386
285
324
353
365
358
369
298
304
354
465
457
527
640
770
931
946
1034
1146
1151
1195
1280
1449
1579
1644
1740
1884
2034
2054
2038
2170
2232
2500
2760
3108
3113
3093
2992
3178
2700
2473
2322
2320
2484
2542
2477
2131
1913
1935
2119
2248
2283
2248
1908
1591
1451
1176
1052
1031
979
805
786
725
741
734
678
644
627
650
771
920
996
1163
1481
1932
2336
2287
2343
2431
2579
2658
2758
2975
3232
3441
2958
2666
2439
2410
2383
2457
2657
2940
3588
3856
3380
3080
2823
2579
2233
2161
2134
2012
1946
1900
2004
1904
1925
1801
1858
1858
1599
1374
1546
2181
2561
2701
2638
2783
3279
3163
3077
3102
2814
2675
3145
2962
2427
2086
1998
1835
1794
1703
1605
1748
1946
1930
1830
1863
1769
1727
1882
2008
1980
2120
2097
2225
2425
2688
2860
2945
3055
3296
3409
3709
3990
3898
3679
3468
3327
3265
3549
3379
3363
3557
5025
5802
5904
5916
5720
5323
5226
4768
4327
3664
3413
3165
2970
2856
2583
2449
2116
1303
804
688
733
881
995
994
807
809
1802
2250
2432
2790
3035
3532
3794
4125
4406
4469
4413
4265
4066
3951
4106
3875
3542
3079
3082
3120
2687
2614
3045
3182
3139
2768
2844
2918
2879
2690
2563
2590
2777
3038
3106
3231
3214
3096
3039
3038
3072
3267
3460
3301
3377
3320
3512
3633
3604
3538
3479
3356
3372
3381
3305
3466
3436
3276
3173
3122
2833
2791
2925
2848
2930
2900
2583
2510
2274
1901
1566
1450
1374
1510
1627
1733
1857
2078
1519
1711
1420
1588
1341
1223
1127
1055
805
728
524
508
317
0
0
239
635
601
597
497
285
279
370
475
560
639
488
671
842
892
871
851
747
683
520
416
361
315
287
266
274
244
245
248
270
242
244
355
529
741
1082
1344
1409
1779
1979
2052
2152
2270
2398
2503
2591
2658
2552
2522
2816
2831
2992
2947
2994
3226
3540
3564
3545
3691
3929
3889
3728
3699
3825
3700
3793
3547
3177
2765
2390
2214
2135
2191
2024
2020
2026
1925
1992
1939
1600
1604
1575
1511
1280
1176
1288
1716
1783
1584
1259
1429
1365
1306
1403
1338
1374
1577
1738
1805
1925
1954
2212
2418
2641
2892
3133
3314
3431
3523
3609
3626
3513
3382
3331
3235
3147
2996
2799
2749
2518
2125
2016
1977
1965
2035
2039
2296
2306
2099
1907
1918
1985
2141
2474
2709
2653
2300
2154
2216
2190
2198
2208
2222
2071
2096
2257
2115
1981
1834
2040
2166
2272
2521
2718
2934
3276
3607
4139
4619
5122
5685
5602
5185
5277
4780
4963
4793
4734
5362
5658
5496
5694
5992
6136
6322
6006
6072
5832
5584
5657
5949
5959
5973
5534
5289
5188
4816
4349
4425
4434
4603
4596
4706
4932
5076
5169
5275
5470
5810
5947
5864
5740
5899
5927
5968
6050
6003
5838
5576
5431
5186
5024
4869
4690
4778
4679
4638
4537
4364
4124
4117
4181
4403
4348
4468
4306
3680
3460
3793
4529
4765
5455
5375
4760
4504
4434
4403
4417
4416
4328
4584
5154
5937
5952
5764
5534
5779
5438
5455
5517
5423
5489
5926
6088
6252
5924
5936
5642
5347
5121
4933
4752
4997
4951
4798
4556
4433
4469
4602
4852
4728
4639
4414
4395
4596
4727
4723
4673
4674
4532
4597
4243
3836
3709
3856
4026
4225
4274
4272
4268
3936
3715
3726
4173
4062
4218
4145
4550
4853
4991
5112
5242
5209
4882
4844
4629
4418
4072
3540
3154
2953
2801
2445
2310
2161
2136
2234
2537
3153
3086
3195
3338
3353
3448
3457
3644
4000
4198
4357
4264
3747
3430
3277
3001
3037
3191
3315
3425
3543
3873
4159
4428
4662
4679
4645
4546
4535
4666
4614
4942
4791
4395
4436
4200
4176
4076
4061
3968
3953
3902
3677
3621
3862
3908
4276
4568
4700
4860
5137
5296
5289
5270
5577
5729
5721
5429
4810
4730
4358
4178
4012
3741
3739
3949
3995
4143
4455
4712
5076
5485
5645
5374
5312
5203
4822
4415
4627
4974
4825
4647
4309
3704
3696
3625
3158
2974
3151
3340
3783
4280
4597
4697
4527
4336
3926
3878
3955
3709
3685
3869
3852
3710
3565
3613
3334
2956
2780
2306
2161
1973
1612
1295
974
909
914
772
731
674
704
690
763
790
945
1143
1412
1769
2096
2230
2257
2273
2199
2290
2234
2237
2441
2703
2637
2744
2699
2655
2422
2133
1838
1579
1593
1554
1504
1507
1734
2162
2537
2755
2917
3134
3385
3339
3140
3020
3350
3346
3604
3886
4002
4000
3920
3924
4026
4491
4599
4582
4612
4587
4985
5464
4920
5491
5000
4347
3974
4160
4172
4458
4258
4111
4181
3866
3478
3379
3427
3668
3982
4172
4291
4235
4194
4724
5111
5559
5551
5199
5013
4900
4961
4920
4637
4710
4102
3852
3911
4431
4548
4561
4524
4456
4670
4708
4520
4243
4020
3094
3687
3796
4030
3790
3769
3630
3466
3279
3389
3481
3126
3254
3557
3570
3265
3291
3383
3240
2538
2148
1904
2021
2571
2481
1325
1009
1489
1647
1733
1467
1326
1207
1216
1236
1191
1412
1136
1261
1371
1186
931
901
930
1050
1190
1287
1314
1389
1533
1771
1950
1973
1922
2027
1939
1763
1812
1957
2073
2204
2226
2175
1878
1972
1994
1815
1602
1799
1681
1516
1648
1479
1389
1389
1519
1599
1924
1986
2001
2231
2454
2862
3218
3137
2971
3008
3354
4092
4085
4146
4213
4485
4758
4963
5387
5813
6406
6589
6591
6452
6243
5801
5447
5337
5203
5139
5189
5252
4862
3913
3514
3258
3208
3265
3345
3460
3661
3800
3761
3780
3879
3821
3776
3903
3857
3873
4140
4262
4172
4054
3814
3693
3402
3197
3202
3297
3404
3607
3815
4034
3957
3836
3753
3824
3722
3663
3741
3787
3348
2939
2802
2831
2666
2301
2190
2053
1808
1691
1564
1174
810
622
373
408
453
359
347
392
506
558
572
549
522
558
675
691
879
936
1045
973
1047
1122
1195
1442
1566
1861
1954
1701
1598
1818
1958
2588
2868
3375
3685
3854
4189
4332
4557
4713
4999
4866
4879
4839
4912
4754
4656
4581
4546
4721
4932
4861
5066
5391
5482
5775
6183
6186
6179
5969
5617
5199
4793
4510
4597
4732
4825
4959
5145
4877
4898
5045
4934
4854
4982
4898
4840
4913
4769
4680
4669
4797
4846
4588
4483
4394
4420
4245
4033
3805
4012
4088
3775
3775
4465
5172
5423
5414
5616
5890
6138
6234
6334
6329
6206
6180
5497
5004
4840
4641
4493
4792
5085
5228
5241
5315
5249
5033
5091
5714
5569
5260
4583
3702
3282
2642
2111
1661
1466
1525
1756
2027
1716
1466
1463
1349
1209
1405
1476
1354
1164
930
807
836
852
757
755
763
617
445
337
258
389
511
397
363
322
397
362
263
317
476
452
410
462
487
507
480
499
466
495
437
434
424
545
560
591
810
1455
1594
1520
1586
2013
2320
2488
2709
2786
2786
3032
3127
3086
2951
2887
2629
2601
2394
2466
2227
1870
1815
1886
1919
2133
2148
2168
2073
1871
1543
1403
1355
1304
1258
1353
1498
1415
1536
1621
1572
1279
1611
1611
1499
1368
1633
2024
2062
2148
2190
2139
2217
2183
2150
2227
2143
2042
1702
1599
1524
1802
1950
1840
1784
1844
1725
1553
1381
1410
1544
1707
1861
1896
1808
1869
1634
1396
1297
1241
1192
1178
1105
1120
1129
1116
1122
1134
1077
990
842
669
672
823
919
969
1102
1172
1188
1249
1324
1312
1384
1411
1636
1848
1891
2154
2272
2623
2852
3291
3924
4045
3989
4096
4117
4464
4798
5033
5405
5541
5651
5337
5341
5413
5433
5188
4980
5002
4611
3979
3697
3336
2935
2626
2525
2189
1959
1716
1696
1729
1702
1480
1374
1290
1339
1342
1326
1174
1008
943
871
869
869
1015
1144
1266
1357
1525
1708
1957
2232
2799
3116
3041
2804
3134
3365
3425
3113
3017
2991
3278
3300
3157
3151
2957
2762
2587
2352
1955
1632
1509
1322
1121
1154
1354
1578
1500
1377
1356
1418
1369
1251
1203
1034
857
706
641
588
378
431
518
575
812
963
1062
1168
1317
1479
1595
1663
1708
1790
1821
1809
1859
1732
1668
1615
1591
1495
1355
1314
1334
1234
1304
1343
1254
1127
1063
890
749
563
470
396
391
359
378
405
384
345
317
282
291
325
363
446
594
723
805
803
872
1015
1093
1114
1032
907
774
784
895
931
1021
1147
1204
1252
1209
1251
1258
1377
1449
1619
1810
1790
1734
1653
1914
1976
1997
2256
2252
2300
2383
2425
2375
2434
2547
2640
2674
2865
2686
2522
2580
2495
2240
2424
2459
2385
2143
2284
2435
2346
2261
2219
1877
1373
1287
1393
1452
1626
1678
1756
1543
1261
1312
1276
1254
1058
1315
1683
1880
2029
1782
1588
1257
803
794
972
1051
1160
1096
1012
1361
1124
1395
1731
1702
1876
2087
2176
2297
2190
2134
2098
1911
1811
1778
1752
1667
1657
1717
1780
1840
1725
1659
1442
1412
1385
1178
1222
1365
1396
1633
1998
2426
2653
2887
3007
3043
3230
3289
3240
3352
3568
3413
3130
2894
3084
3204
3265
3228
3268
3240
3125
3068
3020
2863
2727
2570
2501
2410
2237
1910
1854
2005
1772
1713
1923
2241
2215
2283
2286
2228
2218
2210
2209
2193
2108
2075
2115
2044
1891
1764
1731
1655
1514
1305
1232
1201
1169
1078
1020
907
878
796
751
691
595
568
525
538
537
489
564
563
447
529
669
942
1211
1399
1963
2610
2783
2691
2493
2481
2383
2653
2881
3068
3449
3546
3549
3898
3789
3546
3206
2809
2445
2524
2359
2072
1928
1733
1828
2045
2247
2496
2519
3043
3178
3368
3701
4000
4124
4228
4324
4352
4486
4477
4581
4527
4641
4894
5114
5122
5346
5796
5738
5516
5477
5444
5552
5493
5649
5673
6003
6065
5906
5797
5599
5492
5419
5289
5286
5559
5448
5406
5272
5226
5065
5117
5096
4825
5090
5073
5103
5193
5349
5201
4855
4721
4282
4260
4264
4036
3707
3266
3006
2757
2605
2446
2427
2501
2724
2972
3073
3611
4064
4370
4916
5052
5269
5456
5586
5845
6298
6700
6692
6688
6730
6680
6756
6592
6424
6116
5799
5615
5732
6094
6262
6215
6119
6038
6288
6290
6060
6125
6224
6274
6221
6225
6046
6273
6454
6400
6291
6268
6160
5820
5254
4619
5316
5493
5652
5507
5496
5796
6035
6158
6084
6271
6339
6448
6523
6504
6382
6359
6080
5514
5240
4809
4456
3980
3691
3419
3257
3087
2927
2646
2920
3494
3974
4196
4312
4604
4800
4949
5046
5039
4943
4745
4709
4688
4277
4442
4243
3660
3448
2757
2343
2079
1723
1446
1351
1211
1395
1304
1475
1922
2386
2437
2857
3040
3098
3450
3659
3935
4114
4483
4715
4962
4779
4992
4971
4890
4886
4654
4622
4965
5607
6024
5873
6159
6256
6275
6249
6339
6469
6332
6251
6287
6334
6100
5795
5489
5065
5180
5198
4808
4790
4869
4744
4509
4100
3754
3648
3227
2814
2558
2608
2683
2900
2980
3181
3443
3781
4191
4247
4317
4502
4652
4657
4598
4628
4745
4506
4562
4378
3771
3282
2969
2576
2228
2031
2045
1929
1943
2604
3020
3523
4002
4395
4636
5040
5335
5622
5657
5561
5456
5347
5600
5777
5717
5418
4596
4356
4207
3958
3829
3892
3868
3876
4041
3990
4201
4269
4416
4905
5199
5184
5147
5385
5442
5113
5101
5688
5654
5732
5777
5596
5531
5776
5877
5896
5834
5934
6213
6042
5985
5634
5362
5412
5360
5243
5383
5400
5402
5332
5187
5048
5267
5572
6054
6171
6170
6084
5855
5925
6299
6352
6332
6205
6057
5684
5588
5474
5291
5160
5141
5313
5184
5430
5438
5335
5725
5830
5855
5704
5376
5244
4693
4437
4147
4029
3918
3869
3941
4203
4458
4596
4386
4441
4457
4477
4571
4801
4977
5107
5264
5384
5471
5755
5887
5818
5795
5894
6079
5821
5544
5373
5041
4930
5115
4894
4755
4631
4701
4632
4654
4659
4883
5143
5277
5216
5249
5263
5300
5403
5398
5432
5324
5244
5166
5283
5346
5294
5381
5105
5026
4952
5210
5133
5064
4988
4980
4668
4418
4332
4138
4029
3952
3796
3744
3641
3648
3625
3656
3643
3357
3693
3926
4612
5241
5532
5426
5406
5293
5388
5299
5050
4756
5051
5182
5403
5934
6200
6195
5985
5832
5723
5609
5148
4873
4925
4670
4470
4282
4078
3782
3766
3697
3547
3119
2853
2626
2690
2655
2414
2296
2302
2100
2006
1681
1448
1139
952
842
767
713
647
523
447
385
310
308
293
230
215
193
210
672
324
411
760
1217
1424
1975
2239
2866
2947
2851
2726
2754
2796
2672
2667
2826
2678
2568
2564
2570
2619
2315
2672
2534
2400
2393
2443
2523
2875
2763
2634
2692
2750
2846
2910
3026
2881
2786
2600
2347
2143
2101
1962
1976
1842
1740
1688
1596
1239
914
663
647
644
718
929
975
1004
1126
1312
1617
1628
1614
1610
1615
1664
1722
1746
1611
1737
1844
1949
1853
1844
1933
1980
2016
2298
2241
2195
2200
2107
2011
2164
2361
2647
2826
2862
2947
3062
2934
2693
2548
2560
2384
2206
2330
2300
2156
2162
2284
2310
2536
2600
2741
2880
3128
3326
3567
3717
3455
3367
3529
3966
3930
3862
4015
4287
4174
4232
4423
4697
4709
4839
4928
5232
5446
5881
6163
5963
5709
5475
5477
