-2528
-2544
-2348
-2119
-2133
-2345
-2455
-2346
-2167
-2155
-2257
-2221
-2208
-2208
-2207
-2241
-2319
-2312
-2306
-2298
-2308
-2342
-2327
-2340
-2332
-2412
-2621
-2739
-2796
-2830
-2592
-1994
-1680
-1930
-2022
-2100
-2314
-2315
-2225
-2053
-1917
-2079
-2255
-2345
-2360
-2410
-2541
-2600
-2549
-2690
-2815
-2946
-2946
-2882
-2945
-2748
-2433
-2390
-2402
-2345
-2343
-2346
-2338
-2276
-2186
-2132
-2170
-2181
-2234
-2331
-2336
-2480
-2476
-2439
-2445
-2679
-2673
-2587
-2472
-2619
-2524
-2472
-2478
-2387
-2328
-2319
-2343
-2337
-2342
-2326
-2233
-2214
-2230
-2337
-2327
-2198
-2235
-2198
-2302
-2365
-2430
-2641
-2869
-3047
-3188
-3264
-3106
-2913
-2722
-2597
-2552
-2531
-2439
-2363
-2339
-2340
-2338
-2339
-2454
-2578
-2583
-2816
-2994
-3068
-3098
-3080
-2604
-2024
-1671
-1723
-1946
-2214
-2367
-2395
-2437
-2226
-1889
-2053
-2222
-2208
-2226
-2340
-2483
-2626
-2564
-2678
-2830
-2835
-2663
-2652
-2279
-1891
-1907
-2112
-2253
-2193
-2217
-2218
-2218
-2016
-1942
-2149
-2215
-2209
-2207
-2207
-2208
-2187
-2142
-2273
-2340
-2377
-2360
-2168
-1662
-1635
-1933
-1958
-2035
-2130
-2162
-2217
-2217
-2128
-1972
-2061
-2218
-2195
-2193
-2217
-2214
-2208
-2206
-2273
-2407
-2559
-2520
-2451
-2045
-1935
-2015
-1876
-1927
-1961
-1944
-1946
-1960
-1933
-1992
-2162
-2215
-2212
-2209
-2210
-2190
-2184
-2235
-2487
-2566
-2643
-2756
-2161
-1183
-1564
-2044
-2144
-2218
-2110
-2058
-1955
-1915
-1898
-1722
-1947
-2216
-2208
-2208
-2203
-1939
-1937
-2221
-2377
-2493
-2583
-2627
-2620
-2630
-2451
-2159
-2169
-2228
-2312
-2269
-2223
-2218
-2157
-2031
-2079
-2214
-2263
-2283
-2352
-2353
-2422
-2534
-2717
-2958
-3141
-3214
-3182
-3194
-3162
-3080
-3011
-2859
-2642
-2426
-2245
-2243
-2235
-2233
-2236
-2208
-2207
-2207
-2195
-2195
-2207
-2243
-2511
-2608
-2799
-2915
-2478
-1857
-2024
-2119
-2281
-2160
-2180
-2212
-2211
-2124
-1763
-1823
-2189
-2211
-2208
-2208
-2208
-2209
-2244
-2286
-2303
-2211
-2210
-2256
-2326
-2180
-1798
-1637
-1952
-2163
-2242
-2210
-2187
-2101
-1830
-1894
-2234
-2211
-2210
-2210
-2209
-2208
-2276
-2411
-2547
-2855
-3055
-3179
-2752
-1860
-1424
-1504
-1847
-2077
-2176
-2208
-2206
-2037
-1565
-1520
-1704
-1704
-1703
-1954
-2206
-2210
-2208
-2208
-2208
-2238
-2332
-2338
-2283
-2618
-2584
-2258
-2211
-2211
-2210
-2210
-2208
-2041
-1771
-1674
-1911
-2206
-2206
-2206
-2206
-2206
-2206
-2205
-2206
-2207
-2282
-2291
-2226
-2384
-2439
-2344
-2234
-2208
-2229
-2250
-2209
-2208
-2082
-1978
-2105
-2209
-2212
-2210
-2210
-2210
-2210
-2209
-2208
-2207
-2302
-2401
-2481
-2538
-2583
-2459
-2357
-2321
-2306
-2244
-2210
-2211
-2091
-1970
-2075
-2208
-2207
-2208
-2207
-2209
-2238
-2290
-2285
-2362
-2347
-2419
-2490
-2517
-2608
-2645
-2501
-2336
-2333
-2287
-2249
-2209
-2146
-1882
-2007
-2283
-2236
-2235
-2221
-2238
-2297
-2408
-2663
-2703
-2858
-2711
-2684
-2417
-1958
-1735
-2006
-2145
-2061
-2015
-1980
-1980
-2016
-2109
-2228
-2210
-2210
-2210
-2210
-2258
-2311
-2354
-2664
-2910
-3051
-3183
-2141
-792
-729
-1224
-1390
-1484
-1513
-1569
-1191
-854
-787
-1255
-2030
-2212
-2167
-2165
-2184
-2165
-2226
-2393
-2565
-2612
-2745
-2813
-2270
-1265
-984
-1117
-1534
-1845
-2006
-2075
-1956
-1874
-1645
-1662
-2064
-2201
-2202
-2210
-2210
-2097
-2229
-2462
-2552
-2864
-3166
-3261
-2751
-2056
-1654
-1422
-1665
-1820
-1804
-1631
-1824
-2153
-2019
-2016
-2226
-2212
-2191
-2186
-2207
-2207
-2424
-2524
-2596
-2832
-2993
-3072
-2430
-959
-206
-1074
-1960
-2029
-1802
-1496
-1198
-1409
-1719
-1786
-1998
-2222
-2209
-2210
-2186
-2176
-2328
-2312
-2546
-2623
-2846
-3018
-3043
-3033
-2790
-1958
-1514
-1670
-1481
-1410
-1632
-1957
-1851
-1680
-1579
-1563
-1966
-2229
-2245
-2251
-2133
-2102
-2310
-2475
-2784
-2912
-2920
-2998
-3033
-3015
-3037
-2880
-2684
-2574
-2502
-2508
-2610
-2521
-2281
-2299
-2276
-2384
-2526
-2642
-2636
-2634
-2737
-2854
-2949
-2931
-2874
-2569
-2505
-2602
-2395
-2320
-2218
-2212
-2243
-2354
-2151
-2018
-2222
-2212
-2212
-2209
-2210
-2071
-2323
-2682
-2695
-2732
-2925
-2922
-2514
-1790
-1293
-1410
-1664
-1709
-1710
-1709
-1512
-1931
-2044
-2041
-1978
-1945
-2208
-2209
-2208
-2039
-1986
-2301
-2618
-2736
-2737
-2780
-2030
-1371
-1375
-1272
-1597
-2006
-2069
-2108
-2101
-2066
-1695
-1656
-2073
-2111
-2107
-2208
-1962
-1624
-1869
-2207
-2208
-2214
-2266
-2275
-1884
-1383
-1742
-1907
-2117
-2159
-2104
-2186
-2291
-2328
-2159
-2149
-2231
-2212
-2210
-2210
-2209
-2112
-2110
-2254
-2319
-2432
-2538
-2714
-2661
-1969
-1512
-1321
-1613
-2220
-2308
-2387
-2337
-2274
-2181
-2214
-2285
-2210
-2210
-2209
-2213
-2259
-2316
-2379
-2483
-2681
-2917
-3145
-3062
-3008
-3021
-2963
-2715
-2498
-2309
-2266
-2277
-2376
-2380
-2250
-2231
-2226
-2209
-2247
-2457
-2596
-2622
-2651
-2718
-2844
-2943
-2991
-2977
-2829
-2684
-2666
-2717
-2581
-2513
-2406
-2370
-2413
-2423
-2349
-2377
-2363
-2225
-2293
-2425
-2515
-2482
-2740
-2874
-3010
-3047
-2512
-1222
-88
172
-209
-1049
-1690
-2065
-2211
-2146
-2130
-2144
-2158
-2209
-2211
-2211
-2211
-2183
-2029
-2033
-2255
-2326
-2407
-2470
-2365
-1913
-1847
-1978
-2086
-2069
-2145
-2192
-2192
-2210
-2211
-2194
-2190
-2227
-2208
-2211
-2209
-2203
-2298
-2497
-2716
-2848
-2881
-2935
-2910
-2820
-2602
-2581
-2262
-2213
-1953
-1825
-1934
-1882
-1900
-2077
-2208
-2220
-2209
-2210
-2211
-2212
-2211
-2243
-2483
-2715
-2839
-2879
-2879
-1989
-1084
-1043
-1220
-1588
-1832
-2016
-2147
-2146
-2208
-2210
-2155
-2155
-2211
-2212
-2212
-2213
-2213
-2263
-2290
-2354
-2329
-2337
-2394
-2439
-2781
-2569
-2346
-2064
-1914
-1844
-1798
-1907
-2088
-2052
-1824
-1995
-2216
-2213
-2215
-2295
-2459
-2505
-2361
-2425
-2568
-2717
-2795
-2852
-2727
-2917
-2890
-2638
-2507
-2375
-2258
-2214
-2216
-2279
-2115
-2131
-2214
-2297
-2351
-2476
-2801
-2609
-2485
-2565
-2538
-2609
-2867
-2883
-2774
-2784
-2900
-3099
-2945
-2845
-2615
-2568
-2360
-2316
-2316
-2310
-2231
-2233
-2214
-2223
-2230
-2080
-1972
-2150
-2186
-2213
-2199
-1914
-2008
-2145
-2124
-2090
-2185
-2293
-2217
-2183
-2180
-2218
-2180
-2178
-2239
-2314
-2255
-1832
-1862
-1896
-2360
-2390
-2744
-3009
-3059
-2589
-1946
-1864
-1735
-1989
-2240
-2278
-2245
-2220
-2220
-2218
-2210
-1976
-1978
-2214
-2213
-2214
-2242
-2461
-2632
-2650
-2781
-2803
-2787
-2466
-1954
-1252
-1170
-1762
-2105
-2160
-2214
-2215
-2215
-2217
-2216
-2217
-2216
-2215
-2216
-2292
-2384
-2561
-2648
-2721
-2916
-3019
-3071
-2358
-1804
-1928
-2069
-2252
-2339
-2387
-2370
-2259
-2189
-2212
-2212
-2230
-2211
-2212
-2212
-2208
-2218
-2488
-2564
-2570
-2570
-2586
-2574
-2019
-1176
-794
-1096
-1612
-1901
-2116
-2386
-2418
-2396
-2291
-2098
-1870
-1971
-2218
-2224
-2213
-2280
-2355
-2212
-2409
-2445
-2546
-2586
-2737
-2915
-2966
-2618
-2362
-2318
-2430
-2373
-2309
-2337
-2264
-1974
-2062
-2216
-2210
-2211
-2215
-2212
-2292
-2281
-2347
-2413
-2420
-2412
-2446
-2438
-2333
-2361
-2442
-2512
-2336
-2321
-2310
-2296
-2311
-2203
-2191
-2266
-2278
-2210
-2219
-2311
-2393
-2543
-2677
-2682
-2603
-2493
-2470
-2430
-2259
-2267
-2362
-2335
-2264
-2211
-2211
-2211
-2212
-2211
-2212
-2209
-2210
-2210
-2230
-2286
-2391
-2467
-2438
-2448
-2421
-2351
-2395
-2189
-1425
-1773
-2270
-2211
-2210
-2212
-2211
-2212
-2212
-2083
-2079
-2211
-2210
-2211
-2211
-2216
-2226
-2319
-2412
-2419
-2422
-2433
-2429
-2829
-2772
-2414
-2244
-2312
-2244
-2210
-2210
-2211
-2210
-2211
-2242
-2277
-2219
-2250
-2286
-2253
-2339
-2368
-2617
-2636
-2750
-2763
-2788
-2294
-1807
-1898
-2116
-2383
-2347
-2361
-2275
-2295
-2215
-2215
-2214
-2246
-2314
-2290
-2060
-2381
-2748
-2829
-2845
-2847
-2836
-2837
-2802
-2642
-2220
-2143
-2448
-2516
-2559
-2673
-2747
-2762
-2824
-2835
-2744
-2775
-2812
-2744
-2751
-2770
-2795
-2655
-2527
-2648
-2671
-2684
-2911
-2882
-2803
-2651
-2514
-2484
-2379
-2286
-2493
-2630
-2683
-2715
-2568
-2396
-2399
-2472
-2668
-2811
-2704
-2477
-2568
-2829
-2900
-2748
-2730
-2796
-2765
-2981
-3100
-2901
-2591
-2432
-2520
-2499
-2512
-2466
-2299
-2234
-2215
-2214
-2214
-2215
-2215
-2138
-2102
-2225
-2331
-2403
-2342
-2672
-2358
-1852
-2017
-2214
-2216
-2214
-2215
-2285
-2237
-2216
-2215
-2215
-2263
-2314
-2363
-2379
-2475
-2649
-2821
-2957
-3013
-3047
-3024
-2829
-2631
-2464
-2274
-2216
-2216
-2217
-2216
-2187
-2113
-2052
-2123
-2210
-2214
-2210
-2222
-2124
-2319
-2722
-2906
-2902
-2902
-2902
-2761
-2469
-2039
-1781
-2067
-2213
-2215
-2216
-2214
-2215
-2201
-2157
-1897
-1931
-2250
-2317
-2342
-2462
-2544
-2504
-2577
-2645
-2696
-2657
-1919
-1440
-1560
-1887
-2241
-2252
-2363
-2297
-2276
-2243
-2210
-2025
-2211
-2239
-2306
-2371
-2376
-2395
-2549
-2656
-2663
-2676
-2778
-2887
-2886
-2946
-2649
-2164
-1912
-1935
-2038
-2118
-2171
-2214
-2261
-2224
-2227
-2207
-2207
-2206
-2215
-2265
-2538
-2621
-2622
-2722
-2915
-2942
-2943
-2794
-2705
-2425
-2276
-2341
-2226
-2211
-2209
-2234
-2276
-2263
-2239
-2266
-2214
-2332
-2252
-2123
-1818
-1639
-2532
-2480
-2539
-2539
-2541
-2611
-2792
-2848
-2667
-2441
-2314
-2232
-2219
-2280
-2333
-2327
-2352
-2308
-2308
-2289
-2306
-2277
-2453
-2579
-2716
-2796
-2825
-2821
-2636
-2745
-2698
-2367
-2153
-2210
-2211
-2211
-2212
-2210
-2262
-2312
-2235
-2166
-2211
-2210
-2211
-2281
-2586
-2958
-3046
-3039
-3050
-3048
-2894
-2636
-2214
-2171
-2224
-2214
-2212
-2211
-2212
-2211
-2202
-2203
-1884
-1910
-2270
-2219
-2210
-2232
-2430
-2546
-2575
-2616
-2629
-2673
-2359
-1860
-1453
-1843
-2226
-2278
-2298
-2301
-2303
-2276
-2276
-2288
-2278
-2280
-2289
-2282
-2278
-2282
-2426
-2608
-2769
-2784
-2794
-2784
-2706
-2533
-2179
-2156
-2215
-2216
-2264
-2299
-2232
-2215
-2203
-2190
-2203
-2242
-2309
-2310
-2310
-2306
-2556
-2723
-2768
-2728
-2917
-2898
-2621
-2030
-1614
-1515
-1854
-2281
-2310
-2286
-2292
-2292
-2280
-2280
-2302
-2315
-2312
-2307
-2307
-2313
-2204
-2153
-2363
-2699
-2858
-2858
-2852
-2776
-3053
-3256
-2967
-2740
-2639
-2646
-2505
-2512
-2481
-2517
-2540
-2448
-2412
-2412
-2412
-2408
-2234
-1971
-2093
-2261
-2264
-2267
-2357
-2315
-2206
-2406
-2554
-2392
-2384
-2356
-2338
-2329
-2362
-2362
-2361
-2330
-2294
-2274
-2273
-2258
-2260
-2279
-2420
-2350
-2362
-2410
-2516
-2952
-2732
-2426
-2323
-2312
-2380
-2315
-2280
-2280
-2280
-2280
-2293
-2276
-2225
-2306
-2288
-2311
-2541
-2612
-2783
-2865
-2862
-2842
-2846
-3162
-2821
-2211
-2079
-2196
-2271
-2284
-2243
-2240
-2283
-2224
-2274
-2284
-2284
-2284
-2284
-2253
-2471
-2569
-2586
-2698
-2601
-2620
-2674
-2599
-1752
-1137
-1209
-1284
-1236
-1218
-1218
-1218
-1218
-1243
-1286
-1279
-1283
-1287
-1293
-1292
-1317
-1374
-1329
-1407
-1389
-1393
-1280
-1427
-1319
-1206
-1253
-1277
-1285
-1327
-1291
-1292
-1271
-1269
-1280
-1276
-1317
-1302
-1291
-1331
-1473
-1581
-1595
-1629
-1592
-1593
-1410
-1448
-1385
-1296
-1208
-1218
-1249
-1276
-1286
-1289
-1264
-1292
-1340
-1351
-1352
-1352
-1362
-1376
-1272
-1167
-1328
-1396
-1431
-1568
-1619
-1578
-1667
-1696
-1547
-1538
-1406
-1300
-1323
-1316
-1358
-1390
-1364
-1370
-1382
-1371
-1331
-1344
-1325
-1217
-1251
-1315
-1393
-1528
-1677
-1764
-1790
-1668
-1618
-1541
-1492
-1404
-1402
-1403
-1400
-1404
-1404
-1366
-1339
-1326
-1347
-1346
-1361
-1354
-1475
-1650
-1794
-1867
-1738
-1891
-1950
-1695
-1590
-1418
-1425
-1412
-1361
-1196
-1070
-991
-1114
-1343
-1324
-1303
-1289
-1332
-1486
-1623
-1895
-1991
-2125
-2198
-2247
-2283
-2075
-1682
-1400
-1384
-1266
-1241
-1303
-1366
-1235
-970
-1094
-1310
-1304
-1304
-1305
-1308
-1396
-1529
-1722
-1881
-2072
-2134
-1941
-1728
-1603
-1243
-1189
-1298
-1336
-1336
-1335
-1336
-1336
-1433
-1461
-1421
-1345
-1340
-1323
-1381
-1849
-2092
-2202
-2236
-2236
-2236
-2047
-1924
-1858
-1723
-1466
-1360
-1348
-1306
-1312
-1376
-1330
-1314
-1316
-1317
-1316
-1336
-1329
-1356
-1462
-1659
-1869
-1897
-1800
-1784
-1846
-2038
-1905
-1566
-1343
-1271
-1229
-1298
-1339
-1331
-1330
-1330
-1330
-1360
-1344
-1328
-1332
-1332
-1338
-1312
-1515
-1659
-1770
-1772
-1720
-1751
-1960
-1877
-1613
-1485
-1453
-1376
-1362
-1352
-1371
-1405
-1434
-1371
-1374
-1344
-1344
-1404
-1534
-1644
-1758
-1856
-1972
-1946
-1761
-1784
-1975
-1894
-1582
-1400
-1364
-1336
-1324
-1319
-1301
-1294
-1362
-1361
-1287
-1323
-1323
-1313
-1255
-1305
-1807
-1991
-2204
-2254
-2310
-2059
-1642
-1559
-1565
-1477
-1419
-1359
-1377
-1342
-1338
-1326
-1310
-1033
-1027
-1314
-1316
-1350
-1406
-1791
-1749
-1684
-1642
-1576
-1549
-1763
-1743
-1536
-1285
-1282
-1283
-1283
-1295
-1308
-1308
-1318
-1202
-1182
-1306
-1334
-1292
-1088
-1096
-1458
-1639
-1791
-1769
-1570
-1307
-1484
-1565
-1176
-1092
-1091
-1042
-1124
-1278
-1279
-1290
-1286
-1281
-1281
-1280
-1282
-1280
-1233
-1251
-1181
-1101
-1217
-1216
-1044
-543
-447
-119
-359
-1057
-1283
-1283
-1282
-1257
-1254
-1284
-1283
-1273
-1249
-1258
-1283
-1095
-988
-1166
-1215
-1214
-1216
-1217
-806
-168
-307
-778
-894
-964
-1314
-1300
-1299
-1300
-1301
-1297
-1316
-1314
-1316
-1321
-1322
-1327
-1340
-1267
-1236
-1301
-1306
-1306
-1306
-1355
-1605
-1616
-1503
-1590
-1508
-1435
-1341
-1296
-1295
-1388
-1217
-1203
-1288
-1295
-1313
-1277
-1248
-1237
-1276
-1425
-519
-1106
-1152
-1236
-1610
-1701
-1510
-1475
-1440
-1333
-1371
-1303
-1298
-1303
-1296
-1305
-1360
-1434
-1272
-1246
-1435
-1582
-1741
-1741
-1742
-1743
-1620
-1106
-650
-1105
-1514
-1568
-1568
-1566
-1519
-1521
-1501
-1429
-1452
-1555
-1501
-1498
-1555
-1556
-1285
-687
-577
-974
-859
-426
-282
-505
-751
-1102
-1447
-1571
-1569
-1569
-1567
-1568
-1570
-1572
-1573
-1572
-1577
-1569
-1572
-1570
-2027
-2703
-2619
-2356
-2572
-2786
-2149
-1777
-1542
-1467
-1546
-1568
-1552
-2425
-2538
-2524
-2548
-2561
-2550
-2443
-2478
-2553
-2471
-2366
-2312
-2418
-2434
-2410
-2454
-2457
-2530
-2689
-2280
-2283
-2564
-2560
-2558
-2558
-2486
-2315
-2162
-2304
-2549
-2549
-2549
-2566
-2447
-2344
-2506
-2696
-2655
-2825
-2985
-3029
-2970
-2564
-2019
-2035
-2291
-2447
-2532
-2549
-2442
-2417
-2527
-2561
-2576
-2576
-2573
-2572
-2575
-2575
-2591
-2543
-2594
-2652
-2713
-2768
-2769
-2905
-2856
-2759
-2724
-2676
-2653
-2653
-2643
-2574
-2571
-2573
-2593
-2630
-2622
-2614
-2614
-2594
-2551
-2628
-2749
-2647
-2513
-2569
-2567
-2628
-2703
-2905
-2919
-2819
-2638
-2629
-2630
-2630
-2630
-2616
-2595
-2567
-2583
-2583
-2583
-2582
-2605
-2665
-2630
-2547
-2554
-2690
-2839
-2699
-2169
-2294
-2565
-2577
-2577
-2548
-2554
-2549
-2571
-2547
-2389
-2364
-2377
-2378
-2367
-2338
-2361
-2620
-2830
-2799
-2579
-2389
-2655
-3081
-2727
-2327
-2363
-2254
-2261
-2299
-2064
-2058
-2301
-2274
-2273
-2309
-2309
-2316
-2317
-2139
-2287
-2745
-2848
-2918
-3013
-2913
-2383
-1826
-1277
-1311
-1976
-2311
-2311
-2311
-2309
-2310
-2309
-2228
-2214
-2288
-2272
-2304
-2287
-2269
-2226
-2253
-2352
-2365
-2416
-2454
-2445
-2105
-1128
-881
-1751
-2281
-2280
-2278
-2278
-2267
-2266
-2307
-2308
-2292
-2276
-2290
-2307
-2309
-2320
-2355
-2437
-2491
-2495
-2509
-2335
-2283
-1208
-799
-1901
-2313
-2310
-2311
-2295
-2280
-2280
-2304
-2305
-2306
-2304
-2304
-2304
-2327
-2295
-2193
-2357
-2374
-2406
-2319
-2325
-2321
-2665
-2651
-2397
-2446
-2409
-2346
-2348
-2347
-2346
-2341
-2336
-2336
-2385
-2390
-2398
-2390
-2130
-1858
-1951
-2014
-2132
-2110
-2025
-2206
-2364
-2642
-2608
-2347
-2349
-2380
-2352
-2363
-2412
-2508
-2448
-2367
-2379
-2399
-2370
-2369
-2122
-2009
-2015
-2110
-1971
-2020
-2034
-2613
-2224
-1540
-2045
-2295
-2294
-2294
-2294
-2294
-2217
-2227
-2346
-2329
-2276
-2291
-2217
-2055
-1732
-2384
-2561
-2559
-2595
-2596
-2599
-2880
-2659
-2188
-2312
-2315
-2312
-2312
-2189
-2185
-2313
-2323
-2323
-2323
-2322
-2330
-2321
-2368
-2465
-2578
-2665
-2803
-2816
-2777
-2504
-1352
-810
-1385
-1880
-2314
-2309
-2309
-2309
-2305
-2306
-2290
-2337
-2350
-2351
-2333
-2367
-1996
-2098
-1810
-2288
-2332
-2381
-2317
-2386
-2505
-2390
-2336
-2331
-2292
-2293
-2294
-2294
-2287
-2309
-2317
-2317
-2322
-2340
-2330
-2322
-2323
-2189
-2015
-2032
-2074
-2220
-2185
-2238
-2479
-2684
-2570
-2356
-2371
-2369
-2336
-2309
-2298
-2298
-2324
-2376
-2374
-2309
-2352
-2316
-2295
-2224
-2024
-2066
-2143
-2241
-2177
-2148
-2234
-2579
-2700
-2516
-2516
-2448
-2319
-2296
-2300
-2300
-2291
-2296
-2299
-2306
-2314
-2327
-2293
-2234
-2098
-2098
-2121
-2216
-2192
-2111
-2262
-2739
-2937
-2703
-2584
-2477
-2413
-2414
-2323
-2354
-2434
-2438
-2436
-2412
-2425
-2418
-2399
-2260
-2217
-2230
-2231
-2256
-2255
-2203
-2318
-2860
-2912
-2592
-2579
-2532
-2398
-2390
-2364
-2364
-2401
-2400
-2373
-2314
-2359
-2293
-2320
-2262
-2270
-2268
-2268
-2267
-2267
-2230
-2192
-2071
-2145
-2291
-2320
-2321
-2320
-2262
-2227
-2253
-2285
-2318
-2286
-2321
-2381
-2361
-2212
-2181
-2345
-2443
-2562
-2655
-2621
-2720
-2698
-2488
-2402
-2320
-2363
-2302
-2301
-2220
-2120
-2058
-2150
-2323
-2409
-2394
-2353
-2389
-2294
-2414
-2417
-2529
-2614
-2599
-2599
-2602
-2814
-2961
-2633
-2340
-2323
-2323
-2307
-2292
-2294
-2293
-2291
-2292
-2292
-2293
-2310
-2313
-2319
-2450
-2623
-2679
-2837
-2866
-2866
-2830
-3043
-2992
-2715
-2417
-2352
-2359
-2300
-2325
-2307
-2206
-2197
-2311
-2347
-2351
-2473
-2461
-2447
-2400
-2606
-2728
-2862
-2885
-2900
-2872
-2829
-3087
-3158
-2773
-2444
-2412
-2365
-2357
-2386
-2386
-2387
-2334
-2347
-2324
-2358
-2375
-2340
-2260
-2143
-2217
-2278
-2341
-2424
-2452
-2523
-2675
-2674
-2600
-2375
-2401
-1688
-1544
-1487
-1439
-1363
-1370
-1363
-1316
-1354
-1301
-1291
-1379
-1328
-1473
-1617
-1600
-1601
-1619
-1676
-1484
-1244
-1196
-1319
-1256
-1222
-1221
-1217
-1833
-2245
-2317
-2259
-2222
-2223
-2246
-2175
-2282
-2602
-2634
-2569
-2604
-2634
-2640
-2761
-2322
-2159
-2251
-2219
-2216
-2218
-2098
-1987
-2085
-2206
-2307
-2302
-2216
-2224
-2225
-2236
-2416
-2594
-2634
-2701
-2800
-2858
-2936
-3143
-2784
-2369
-2352
-2292
-2273
-2284
-2265
-2246
-2240
-2274
-2299
-2304
-2238
-2268
-2299
-2323
-2362
-2443
-2404
-2426
-2501
-2456
-2426
-2915
-3077
-2538
-2311
-2390
-2310
-2303
-2288
-2226
-2231
-2260
-2349
-2366
-2339
-2339
-2340
-2281
-2523
-2700
-2756
-2828
-2827
-2810
-2745
-2961
-3060
-2796
-2752
-2744
-2746
-2745
-2745
-2744
-2746
-2745
-2745
-2748
-2762
-2807
-2816
-2795
-2803
-2701
-2697
-2653
-2694
-2782
-2782
-2807
-2989
-2718
-2525
-2473
-2446
-2410
-2336
-2352
-2307
-2357
-2404
-2397
-2382
-2349
-2366
-2295
-2162
-2061
-2338
-2429
-2428
-2429
-2405
-2608
-2769
-2633
-2626
-2671
-2590
-2474
-2425
-2407
-2329
-2401
-2411
-2412
-2383
-2419
-2440
-2421
-2534
-2613
-2677
-2875
-3034
-3042
-2701
-1935
-974
-1151
-2454
-2791
-2725
-2568
-2386
-2334
-2245
-2045
-2240
-2323
-2342
-2350
-2348
-2354
-2282
-2306
-2372
-2523
-2531
-2524
-2681
-3091
-2994
-2689
-2382
-2364
-2345
-2315
-2316
-2316
-2194
-2149
-2276
-2293
-2348
-2424
-2363
-2197
-2446
-2667
-2835
-2843
-2841
-2648
-2463
-2550
-2110
-1658
-1444
-1332
-1324
-1769
-2121
-2123
-2078
-2126
-2269
-2311
-2304
-2323
-2314
-2332
-2388
-2568
-3025
-3034
-3033
-3035
-3037
-3181
-3127
-2797
-2473
-2324
-2302
-2298
-2212
-2101
-2063
-2155
-2222
-2032
-1356
-1606
-1867
-1859
-1962
-2220
-2508
-2790
-2800
-2802
-2802
-2971
-2925
-2437
-1996
-1839
-1844
-1836
-1879
-1905
-1818
-1728
-1884
-2393
-2290
-2292
-2293
-2283
-2293
-2446
-2510
-2653
-2716
-2745
-2883
-2927
-3120
-2952
-2601
-2412
-2380
-2367
-2358
-2376
-2376
-2372
-2393
-2431
-2367
-2395
-2479
-2507
-2592
-2435
-2497
-2719
-2834
-2840
-2793
-2846
-2909
-2881
-2677
-2354
-2410
-2350
-2331
-2350
-2409
-2350
-2380
-2378
-2359
-2341
-2370
-2339
-2333
-2332
-2443
-2622
-2640
-2676
-2676
-2757
-2495
-2161
-1793
-1717
-1752
-1801
-1702
-1519
-1387
-1508
-1728
-1728
-1796
-1805
-1817
-2032
-2311
-2432
-2434
-2462
-2501
-2541
-2499
-2321
-1745
-1382
-1514
-1747
-1804
-1804
-1792
-1688
-1688
-1719
-1735
-1738
-1720
-1720
-1720
-1816
-2172
-2378
-2357
-2392
-2476
-2516
-2399
-2551
-2489
-2280
-1883
-1722
-1724
-1723
-1722
-1690
-1665
-1695
-1720
-1720
-1719
-1720
-1782
-1760
-2101
-2417
-2455
-2516
-2473
-2430
-2446
-2380
-2151
-1896
-1723
-1720
-1720
-1720
-1718
-1718
-1718
-1718
-1720
-1730
-1728
-1741
-1767
-1771
-2058
-2198
-2243
-2394
-2466
-2514
-2557
-2632
-2502
-2118
-1801
-1806
-1853
-1852
-1811
-1787
-1786
-1800
-1827
-1812
-1799
-1808
-1802
-1811
-1890
-2019
-2139
-2156
-2247
-2324
-2319
-2323
-2438
-2413
-2315
-2192
-1858
-1813
-1851
-1898
-1899
-1899
-1903
-1931
-2003
-1986
-2002
-1811
-1948
-2088
-2130
-2345
-2406
-2392
-2394
-2360
-2213
-2253
-2352
-2220
-2100
-2063
-2048
-1948
-1811
-1825
-1834
-1820
-1856
-1867
-1872
-1847
-1869
-1820
-1840
-1825
-1820
-1821
-2007
-2353
-1913
-1660
-1795
-1673
-1705
-1757
-1727
-1727
-1718
-1743
-1869
-1689
-1646
-1728
-1736
-1804
-2063
-2181
-2369
-2564
-2582
-2613
-2035
-1359
-983
-1309
-1818
-1770
-1686
-1629
-1508
-1466
-1592
-1720
-1720
-1715
-1524
-1420
-1610
-1645
-1826
-2283
-2704
-2706
-2706
-2706
-2329
-1882
-1114
-1145
-1725
-1887
-1904
-1867
-1773
-1789
-1655
-1497
-1762
-1716
-1651
-1668
-1767
-1830
-2018
-2135
-2328
-2475
-2622
-2651
-2645
-2776
-2517
-2161
-1961
-1844
-1799
-1696
-1621
-1690
-1738
-1745
-1830
-1835
-1851
-1831
-1875
-1880
-1906
-2154
-2657
-2726
-2755
-2701
-2753
-2535
-2198
-2138
-1986
-1833
-1833
-1672
-1847
-1894
-1736
-1832
-1832
-1833
-1850
-1869
-1898
-1852
-2083
-2376
-2528
-2687
-2800
-2798
-2786
-2852
-2971
-2898
-2578
-2457
-2456
-2419
-2391
-2351
-2339
-2343
-2387
-2404
-2404
-2390
-2493
-2414
-2431
-2202
-2181
-2403
-2508
-2387
-2298
-2472
-2486
-2614
-2588
-2376
-2386
-2385
-2335
-2327
-2344
-2367
-2392
-2406
-2331
-2324
-2322
-2331
-2192
-1980
-1978
-2115
-2197
-2159
-1893
-1132
-706
-1364
-1879
-1993
-2107
-2190
-1961
-1771
-1951
-2206
-2236
-2235
-2293
-2299
-2239
-2228
-2232
-2058
-2118
-2281
-2262
-2084
-2078
-2243
-1565
-1158
-1929
-2350
-2379
-2389
-2197
-2079
-2161
-2270
-2298
-2303
-2309
-2120
-2308
-2311
-2457
-2559
-2673
-2831
-2725
-2779
-2835
-3202
-3028
-2554
-2383
-2397
-2393
-2330
-2168
-2104
-2162
-2222
-2298
-2380
-2300
-2241
-2258
-2321
-2548
-2695
-2781
-2808
-2808
-2807
-2826
-2950
-2782
-2463
-2305
-2303
-2302
-2304
-2303
-2304
-2312
-2272
-2251
-2147
-2052
-2093
-2106
-2270
-2579
-2709
-2719
-2723
-2706
-2577
-2583
-2975
-3134
-2840
-2528
-2460
-2463
-2402
-2304
-2310
-2389
-2449
-2423
-2116
-2149
-2398
-2412
-2499
-2716
-2682
-2603
-2709
-2801
-2896
-2909
-3003
-3013
-2851
-2687
-2460
-2377
-2326
-2308
-2385
-2351
-2417
-2449
-2437
-2541
-2628
-2645
-2569
-2586
-2611
-2640
-2637
-2636
-2642
-2635
-2795
-2922
-2808
-2742
-2675
-2478
-2434
-2396
-2428
-2429
-2427
-2423
-2423
-2423
-2404
-2414
-2267
-2237
-2368
-2414
-2492
-2546
-2539
-2315
-2386
-2474
-2466
-2492
-2502
-2378
-2308
-2241
-2242
-2091
-2045
-2207
-2306
-2360
-2352
-2329
-2340
-2382
-2577
-2709
-2628
-2546
-2541
-2103
-1355
-445
-494
-1323
-1971
-2330
-2352
-2049
-1806
-1670
-1984
-2383
-2347
-2408
-2269
-2151
-2281
-2667
-2766
-2857
-2994
-2922
-2859
-2536
-2025
-1605
-2144
-2321
-2218
-2172
-2074
-1879
-1706
-1784
-2028
-2278
-2344
-2305
-2322
-2247
-2244
-1563
-1612
-1614
-1747
-1705
-1676
-1699
-2063
-1928
-1515
-1462
-1499
-1717
-1981
-1981
-1987
-1877
-1518
-1981
-1895
-1880
-1905
-1838
-1857
-2158
-2210
-2365
-2536
-2599
-2514
-2329
-2393
-2226
-2010
-1973
-1989
-1950
-1888
-1885
-1884
-1878
-1955
-1898
-1832
-1880
-1969
-1843
-1867
-2130
-2096
-1968
-2111
-2188
-2260
-2293
-2307
-2628
-2606
-2459
-2095
-1994
-1848
-1800
-1878
-1923
-1913
-1897
-1859
-1896
-1910
-1937
-1992
-2237
-2384
-2266
-2266
-2276
-2333
-2334
-2461
-2538
-2521
-2564
-2559
-2300
-2003
-1995
-2023
-2079
-2070
-1977
-1964
-2011
-2020
-2017
-2020
-2263
-2324
-2242
-2224
-2229
-2250
-2252
-2495
-2431
-2043
-1867
-1888
-1902
-1854
-1804
-1850
-1844
-1845
-1837
-1834
-1812
-1805
-1735
-1737
-2026
-2130
-2101
-2099
-2039
-2087
-2060
-2271
-2229
-2033
-1873
-1850
-1866
-1808
-1540
-1014
-803
-1121
-1325
-1214
-1115
-1203
-1420
-1457
-1754
-2014
-1969
-1976
-1992
-2012
-1847
-1390
-490
-731
-1443
-1449
-923
-783
-890
-1119
-1305
-1489
-1685
-1432
-1531
-1835
-1895
-1865
-2060
-2186
-2176
-2231
-2280
-2257
-2283
-2327
-1459
-1289
-1744
-1783
-1800
-1814
-1800
-1747
-1794
-1839
-1864
-1851
-1829
-1799
-1806
-1817
-2063
-2113
-2104
-2189
-2196
-2180
-2187
-2192
-2008
-1811
-1710
-1911
-1909
-1835
-1783
-1768
-1789
-1776
-1745
-1772
-1825
-1857
-1952
-1969
-2207
-2338
-2323
-2360
-2365
-2284
-2270
-2329
-2425
-2384
-2129
-1913
-1812
-1809
-1796
-1791
-1809
-1859
-1924
-1885
-1887
-1909
-2045
-2110
-2315
-2400
-2277
-2325
-2364
-2370
-2369
-2272
-2138
-2167
-2215
-2212
-2021
-1885
-1837
-1820
-1807
-1811
-1849
-1973
-2025
-1965
-2149
-2312
-2289
-2348
-2254
-2255
-2285
-2323
-2313
-2507
-2380
-1959
-1793
-1820
-1796
-1805
-1823
-1786
-1780
-1811
-1836
-1798
-1829
-1862
-1860
-1840
-2000
-2093
-2078
-2123
-2187
-2273
-2359
-2209
-1646
-1516
-1770
-1788
-1661
-1830
-1826
-1806
-1812
-1832
-1809
-1832
-1837
-1864
-1842
-1816
-1958
-2011
-2001
-2177
-2240
-2257
-2241
-2406
-2321
-2107
-1820
-1774
-1712
-1800
-1818
-1797
-1795
-1792
-1804
-1745
-1816
-1809
-1826
-1850
-2020
-2074
-2155
-2256
-2182
-2158
-2205
-2559
-2632
-2102
-1916
-1932
-1922
-1954
-1925
-1796
-1720
-1837
-1923
-1905
-1822
-1891
-1912
-2004
-2242
-2164
-2266
-2448
-2408
-2446
-2392
-2576
-2639
-2390
-2124
-1957
-1960
-1928
-1894
-1861
-1835
-1947
-1997
-1860
-1865
-1908
-1963
-2126
-2309
-2210
-2142
-2150
-2206
-2299
-2273
-2263
-2336
-2335
-2214
-2021
-1998
-1976
-1980
-1877
-1875
-1924
-2021
-2039
-2038
-2049
-2031
-2232
-2394
-2319
-2209
-1973
-1681
-1736
-1812
-1917
-1999
-2083
-2241
-1951
-1935
-1985
-1966
-1875
-1862
-1923
-2005
-2020
-2038
-1951
-1835
-1824
-1991
-1930
-1955
-1819
-1771
-1798
-1757
-2006
-2398
-2250
-1940
-1959
-1807
-1646
-1581
-1498
-1662
-1877
-1845
-1680
-1679
-1947
-1832
-1917
-2220
-2309
-2280
-2436
-2449
-2332
-2076
-1104
-503
-655
-1271
-1626
-1762
-1925
-1803
-1769
-1863
-1937
-1939
-1881
-1892
-1913
-1914
-1887
-2081
-2255
-2253
-2169
-2279
-2348
-2206
-1637
-1712
-2159
-1916
-1901
-1923
-1914
-1682
-1681
-1735
-1803
-1871
-1821
-1847
-1843
-1895
-1879
-2113
-2133
-2049
-2155
-2176
-2198
-2183
-1633
-1518
-1910
-1896
-1904
-1843
-1812
-1797
-1793
-1816
-1794
-1888
-1685
-1432
-1406
-1433
-1444
-1932
-2048
-2062
-2197
-2234
-2192
-2070
-1639
-1747
-2024
-1850
-1881
-1850
-1814
-1805
-1804
-1808
-1857
-1861
-1834
-1834
-1831
-1851
-1933
-2001
-2032
-1947
-1967
-2018
-2084
-2134
-2167
-2257
-2146
-1979
-1954
-1945
-1948
-1968
-1887
-1816
-1656
-1689
-1929
-2000
-1995
-1934
-1912
-2139
-2137
-2060
-2157
-2119
-2164
-2199
-2287
-2247
-2249
-2156
-2088
-2094
-2113
-2078
-2077
-2056
-2076
-2129
-2064
-1947
-1853
-1836
-1869
-2035
-2068
-2003
-2137
-2233
-2292
-2281
-2190
-1979
-2071
-1894
-1826
-1830
-1826
-1800
-1797
-1800
-1805
-1814
-1824
-1821
-1836
-1828
-1854
-1885
-1936
-2060
-2172
-2313
-2444
-2427
-2380
-2386
-2063
-1852
-1876
-2186
-2236
-1825
-1808
-1841
-1907
-1803
-1786
-1798
-1841
-1818
-1869
-1920
-2039
-2152
-2218
-2238
-2336
-2420
-2628
-2553
-2229
-1886
-1835
-1843
-1829
-1821
-1827
-1820
-1855
-1844
-1843
-1847
-1851
-1845
-1843
-1903
-1866
-2049
-2240
-2389
-2373
-2368
-2622
-2610
-2254
-1982
-1950
-1852
-1740
-1336
-1333
-1569
-1808
-1820
-1833
-1836
-1857
-1891
-1982
-2282
-2572
-2704
-2922
-3040
-3036
-3009
-3211
-3200
-2738
-2516
-2500
-2465
-2504
-2401
-2312
-2276
-2388
-2412
-2394
-2330
-2345
-2360
-2365
-2524
-2471
-2330
-2440
-2400
-2493
-2541
-2687
-3020
-2977
-2768
-2662
-2660
-2656
-2638
-2596
-2586
-2606
-2623
-2629
-2133
-2582
-2611
-2639
-2807
-2822
-2570
-2602
-2715
-2803
-2839
-2915
-2924
-2852
-2876
-2587
-2581
-2591
-2589
-2583
-2580
-2596
-2652
-2666
-2651
-2557
-2504
-2559
-2750
-2732
-2641
-2710
-2778
-2832
-2574
-2607
-2966
-2543
-2452
-2559
-2566
-2529
-2555
-2565
-2539
-2582
-2569
-2542
-2534
-2556
-2559
-2547
-2623
-2638
-2525
-2541
-2666
-2797
-2880
-2845
-2870
-2719
-2594
-2579
-2596
-2587
-2595
-2549
-2566
-2602
-2604
-2575
-2593
-2578
-2582
-2580
-2642
-2768
-2775
-2984
-3057
-3091
-3090
-3097
-3270
-2919
-2573
-2576
-2579
-2539
-2554
-2541
-2597
-2613
-2575
-2583
-2565
-2552
-2511
-2579
-2577
-2577
-2608
-2425
-2331
-2372
-2367
-2783
-3123
-2935
-2618
-2572
-2564
-2567
-2570
-2548
-2563
-2609
-2570
-2573
-2580
-2606
-2672
-2686
-2720
-2741
-2733
-2717
-2779
-2801
-2814
-2884
-3172
-2888
-2624
-2635
-2640
-2611
-2597
-2578
-2603
-2616
-2626
-2600
-2572
-2658
-2676
-2698
-2790
-2633
-2429
-2429
-2430
-2456
-2495
-2597
-2997
-3144
-2765
-2679
-2682
-2697
-2680
-2618
-2617
-2609
-2669
-2724
-2760
-2725
-2750
-2715
-2855
-2748
-2586
-2605
-2661
-2698
-2779
-2868
-2934
-2908
-2795
-2704
-2474
-2446
-2621
-2598
-2614
-2624
-2618
-2648
-2687
-2658
-2615
-2619
-2722
-2711
-2673
-2734
-2733
-2769
-2667
-2667
-2755
-2602
-2632
-2660
-2660
-2669
-2413
-2189
-2607
-2641
-2621
-2596
-2608
-2642
-2458
-2672
-2579
-2446
-2416
-2240
-2436
-1858
-2407
-2698
-3041
-2870
-2639
-2561
-2600
-2599
-2601
-2599
-2622
-2634
-2632
-2607
-2663
-2715
-2684
-2687
-2736
-2707
-2925
-3224
-3115
-2954
-2546
-1798
-2269
-2848
-2497
-2442
-2533
-2648
-2594
-2619
-2618
-2634
-2634
-2441
-2475
-2564
-2554
-2544
-2635
-2730
-2765
-2882
-2998
-3038
-2860
-2742
-2936
-2802
-2608
-2545
-2561
-2514
-2394
-2293
-2409
-2577
-2628
-2562
-2607
-2598
-2596
-2598
-2510
-2568
-2383
-2294
-2453
-2567
-2375
-2521
-2954
-2765
-2680
-2437
-2647
-2609
-2091
-2628
-2597
-2603
-2665
-2542
-2476
-2651
-2633
-2667
-2715
-2599
-2540
-2362
-2107
-2140
-2205
-2517
-2960
-2900
-2804
-2712
-2698
-2668
-2652
-2597
-2611
-2597
-2640
-2672
-2694
-2692
-2600
-2518
-2711
-2722
-2464
-2405
-2421
-2510
-2561
-2740
-2778
-2836
-2800
-2669
-2693
-2661
-2587
-2548
-2580
-2594
-2645
-2614
-2681
-2661
-2646
-2698
-2759
-2726
-2511
-2519
-2567
-2636
-2676
-2786
-2701
-2580
-2620
-2598
-2571
-2538
-2440
-2345
-2142
-1909
-2241
-2562
-2592
-2562
-2571
-2593
-2611
-2623
-2701
-2444
-2245
-2287
-2275
-2579
-2944
-2906
-2641
-2709
-2744
-2741
-2735
-2772
-2619
-2671
-2724
-2658
-2680
-2671
-2685
-2710
-2702
-2715
-2708
-2776
-2831
-2866
-2877
-2469
-2297
-2301
-2076
-2070
-1888
-2140
-2543
-2560
-2567
-2546
-2554
-2549
-2578
-2594
-2456
-2460
-2638
-2782
-2699
-2583
-2521
-2568
-2566
-2922
-3134
-2945
-2687
-2640
-2042
-2635
-2633
-2571
-2618
-2579
-2619
-2491
-2453
-2583
-2586
-2551
-2591
-2738
-2758
-2811
-2931
-2985
-3010
-3144
-3211
-2926
-2656
-2680
-2630
-2599
-2602
-2572
-2531
-2554
-2580
-2560
-2611
-2642
-2701
-2703
-2827
-2846
-2745
-2897
-2901
-2910
-2845
-2771
-3112
-3012
-2755
-2748
-2667
-2582
-2600
-2639
-2683
-2708
-2759
-2705
-2707
-2696
-2746
-2757
-2801
-2728
-2450
-2454
-2441
-2444
-2470
-2276
-2298
-2464
-2579
-2635
-2669
-2624
-2596
-2624
-2622
-2622
-2650
-2676
-2651
-2661
-2620
-2600
-2795
-2719
-2585
-2655
-2676
-2692
-2499
-2308
-2697
-2811
-2646
-2587
-2584
-2600
-2610
-2605
-2605
-2575
-2617
-2600
-2554
-2562
-2565
-2540
-2545
-2513
-2536
-2515
-2461
-2420
-2428
-2482
-2627
-2711
-2543
-2430
-2366
-2448
-2556
-2594
-2591
-2577
-2611
-2585
-2574
-2586
-2558
-2530
-2519
-2447
-2475
-2381
-2199
-2075
-2107
-2585
-2965
-2856
-2596
-2561
-2597
-2596
-2552
-2557
-2586
-2582
-2634
-2568
-2587
-2587
-2575
-2506
-2609
-2801
-2776
-2714
-2696
-2727
-2711
-2866
-2971
-2753
-2553
-2590
-2617
-2632
-2620
-2571
-2542
-2565
-2572
-2570
-2598
-2612
-2636
-2604
-2729
-2757
-2777
-2842
-2819
-2809
-2765
-2819
-3073
-2871
-2599
-2581
-2585
-2584
-2560
-2571
-2565
-2594
-2608
-2569
-2499
-2502
-2453
-2402
-2577
-2561
-2416
-2465
-2518
-2540
-2503
-2561
-2877
-2951
-2857
-2635
-2571
-2552
-2541
-2470
-2403
-2413
-2516
-2576
-2576
-2481
-2458
-2537
-2787
-2723
-2604
-2712
-2387
-2234
-2245
-2345
-2435
-2708
-2816
-2621
-2674
-2652
-2606
-2584
-2616
-2626
-2624
-2602
-2590
-2647
-2615
-2511
-2672
-2540
-2391
-2309
-2293
-2243
-2325
-2715
-2875
-2788
-2630
-2592
-2628
-2593
-2568
-2604
-2590
-2634
-2583
-2567
-2594
-2621
-2638
-2611
-2687
-2749
-2662
-2667
-2729
-2747
-2645
-2887
-2768
-2687
-2413
-2462
-2578
-2585
-2549
-2538
-2488
-2436
-2526
-2585
-2580
-2574
-2562
-2578
-2609
-2639
-2607
-2595
-2611
-2613
-2637
-2860
-3055
-2812
-2583
-2546
-2567
-2571
-2556
-2563
-2536
-2532
-2134
-2554
-2543
-2537
-2554
-2580
-2543
-2468
-2417
-2471
-2506
-2451
-2511
-2880
-3102
-2761
-2572
-2573
-2553
-2558
-2536
-2507
-2479
-2557
-2558
-2546
-2543
-2557
-2575
-2568
-2610
-2742
-2675
-2682
-2677
-2650
-2264
-2198
-2837
-2818
-2647
-2562
-2563
-2557
-2486
-2264
-2180
-2350
-2513
-2551
-2564
-2581
-2613
-2585
-2622
-2555
-2422
-2427
-2437
-2361
-2397
-2475
-3067
-3005
-2762
-2659
-2599
-2588
-2580
-2626
-2642
-2653
-2615
-2598
-2599
-2579
-2578
-2574
-2680
-2626
-2353
-2231
-2049
-2034
-2061
-2156
-2458
-2625
-2697
-2627
-2636
-2624
-2602
-2599
-2613
-2605
-2617
-2656
-2669
-2644
-2665
-2698
-2676
-2154
-1825
-2056
-2171
-2227
-2355
-2587
-2933
-2762
-2590
-2592
-2586
-2573
-2526
-2526
-2542
-2561
-2590
-2558
-2596
-2606
-2603
-2582
-2257
-1925
-2105
-2250
-2316
-2322
-2270
-2530
-2989
-2876
-2615
-2561
-2487
-2414
-2459
-2433
-2442
-2515
-2553
-2548
-2573
-2539
-2521
-2532
-2523
-2440
-2415
-2511
-2605
-2725
-2696
-2848
-3085
-2770
-2635
-2560
-2531
-2539
-2525
-2509
-2510
-2502
-2545
-2562
-2531
-2470
-2507
-2526
-2501
-2413
-2235
-2238
-2316
-2333
-2298
-2727
-3034
-2761
-2508
-2535
-2577
-2576
-2562
-2488
-2511
-2512
-2566
-2553
-2514
-2475
-2479
-2540
-2643
-2758
-2715
-2756
-2846
-2873
-2854
-2881
-2976
-2977
-2737
-2653
-2579
-2573
-2563
-2585
-2555
-2608
-2663
-2630
-2596
-2653
-2754
-2624
-2412
-2320
-2395
-2415
-2342
-2251
-2219
-2396
-2799
-3075
-2875
-2626
-2597
-2637
-2684
-2706
-2698
-2753
-2805
-2821
-2782
-2928
-2910
-2810
-2569
-2072
-2023
-2062
-2043
-1969
-1920
-1977
-2055
-2234
-2720
-2782
-2805
-2775
-2706
-2726
-2778
-2790
-2816
-2824
-2860
-2924
-2926
-2873
-2347
-1870
-1806
-1860
-1918
-1919
-1778
-1885
-2411
-2704
-2559
-2486
-2538
-2536
-2490
-2483
-2442
-2470
-2569
-2585
-2516
-2578
-2627
-2582
-2706
-2581
-2514
-2455
-2464
-2499
-2440
-2816
-3012
-2791
-2551
-2553
-2554
-2554
-2549
-2479
-2480
-2481
-2547
-2551
-2565
-2588
-2689
-2598
-2612
-2583
-2576
-2631
-2684
-2709
-2674
-2973
-3058
-2795
-2519
-2554
-2554
-2554
-2570
-2554
-2553
-2495
-2505
-2570
-2580
-2618
-2627
-2628
-2726
-2796
-2869
-2871
-2946
-3036
-3054
-2902
-2606
-2664
-2672
-2648
-2648
-2633
-2616
-2571
-2499
-2545
-2616
-2590
-2548
-2559
-2714
-2593
-2813
-2992
-3029
-3045
-3046
-2995
-2972
-3106
-3031
-2729
-2576
-2557
-2558
-2558
-2557
-2556
-2552
-2553
-2556
-2538
-2523
-2557
-2640
-2555
-2524
-2446
-2444
-2416
-2392
-2320
-2320
-2454
-2678
-2839
-2710
-2623
-2592
-2587
-2552
-2551
-2552
-2552
-2577
-2556
-2556
-2556
-2589
-2402
-2190
-2357
-2540
-2570
-2542
-2486
-2424
-2402
-2492
-2509
-2628
-2572
-2556
-2556
-2575
-2556
-2566
-2562
-2561
-2578
-2578
-2577
-2576
-2509
-2443
-2418
-780
-2418
-2418
-2418
-2293
-1962
-1150
-1359
-1280
-1325
-1621
-1782
-1622
-1254
-1068
-1336
-2081
-2514
-2556
-2551
-2558
-2477
-2293
-2478
-2556
-2556
-2556
-2557
-2557
-2686
-2353
-1949
-2196
-2514
-2796
-2960
-2861
-2709
-2843
-2996
-2996
-2995
-2995
-2994
-2995
-2996
-2996
-2995
-2996
-2996
-2996
-2996
-2996
-2996
-2981
-2980
-2995
-2997
-2996
-2997
-2995
-2943
-2837
-2836
-2951
-2996
-2995
-2996
-2996
-2996
-2743
-2479
-2480
-2479
-2479
-2478
-2479
-2733
-2995
-2994
-2994
-2995
-2996
-2960
-2704
-2449
-2332
-2442
-2569
-2571
-2588
-2684
-2649
-2745
-3043
-3072
-2902
-2902
-2902
-2902
-2901
-3082
-2941
-2519
-2577
-2619
-2630
-2617
-2557
-2554
-2569
-2561
-2471
-2358
-2354
-2402
-2413
-2360
-2574
-2531
-2361
-2411
-2503
-2473
-2374
-2499
-2892
-2862
-2615
-2348
-2359
-2369
-2339
-2323
-2317
-2326
-2328
-2384
-2347
-2322
-2357
-2443
-2741
-2559
-2199
-2284
-2354
-2358
-2352
-2365
-2419
-2571
-2553
-2342
-2334
-2340
-2337
-2338
-2341
-2349
-2341
-2343
-2348
-2365
-2363
-2413
-2481
-2421
-2257
-2258
-2254
-2254
-2251
-2538
-2717
-2600
-2298
-2271
-2282
-2284
-2289
-2275
-2274
-2305
-2335
-2282
-2264
-2258
-2279
-2299
-2372
-2355
-2370
-2373
-2364
-2313
-2388
-2175
-1793
-1797
-1957
-2196
-2202
-2199
-2093
-1999
-1983
-2136
-2336
-2330
-2183
-2052
-2041
-2028
-2198
-2323
-2341
-2352
-2331
-2356
-2385
-2534
-1780
-1002
-1048
-1297
-1319
-1313
-1297
-1236
-865
-1232
-1295
-1312
-1310
-1286
-1306
-1323
-1292
-1357
-1393
-1407
-1425
-1429
-1410
-1636
-1738
-1531
-1289
-1308
-1309
-1322
-1301
-1259
-1164
-1821
-2670
-2636
-2553
-2640
-2737
-2769
-2765
-2801
-2827
-2852
-2786
-2805
-2541
-2686
-2619
-2391
-2306
-2293
-2332
-2346
-2208
-2082
-2074
-2131
-2243
-2286
-2284
-2276
-2340
-2344
-2326
-2310
-2222
-2356
-2662
-2705
-2646
-2627
-2824
-2593
-2565
-2338
-2317
-2367
-2320
-2339
-2302
-2323
-2250
-2222
-2340
-2445
-2352
-2413
-2607
-2636
-2574
-2403
-2507
-2585
-2555
-2491
-2434
-2606
-2520
-2378
-2439
-2357
-2322
-2347
-2315
-2360
-2443
-2392
-2435
-2398
-2343
-2346
-2495
-2599
-2531
-2556
-2538
-2688
-2713
-2517
-2563
-2654
-2418
-2135
-2353
-2350
-2300
-2328
-2286
-2271
-2307
-2291
-2265
-2401
-2318
-2327
-2465
-2753
-2867
-2785
-2876
-2866
-2829
-2673
-2563
-2557
-2505
-2317
-2276
-2370
-2250
-2124
-2235
-2348
-2429
-2534
-2622
-2773
-2782
-2750
-2792
-2841
-2902
-2957
-3004
-2971
-2894
-2894
-2936
-2774
-2743
-2737
-2756
-2750
-2733
-2746
-2628
-2655
-2752
-2730
-2748
-2723
-2742
-2685
-2773
-2918
-2870
-3042
-3047
-3036
-3002
-3007
-2734
-2622
-2678
-2717
-2740
-2753
-2735
-2741
-2737
-2750
-2728
-2768
-2800
-2774
-2780
-2776
-2865
-2912
-2945
-3043
-3096
-3102
-3093
-3061
-3078
-2863
-2756
-2743
-2748
-2738
-2748
-2747
-2739
-2754
-2739
-2748
-2779
-2763
-2665
-2679
-2872
-2764
-2640
-2721
-2750
-2762
-2740
-2683
-2852
-3047
-2817
-2765
-2764
-2763
-2763
-2753
-2775
-2767
-2749
-2770
-2769
-2780
-2800
-2830
-2932
-2825
-2737
-2704
-2689
-2775
-2768
-2684
-2683
-2807
-2851
-2874
-2843
-2860
-2855
-2821
-2819
-2851
-2851
-2774
-2590
-2648
-2493
-2611
-2580
-2464
-2387
-2343
-2402
-2394
-2275
-1980
-1279
-946
-1365
-1451
-1428
-1427
-1339
-1269
-1337
-1396
-1354
-1374
-1348
-1464
-1377
-1342
-1510
-1761
-1832
-1936
-1940
-1958
-1920
-1985
-1712
-1482
-1311
-1306
-1306
-1307
-1308
-1308
-1308
-1316
-1327
-1306
-1310
-1342
-1323
-1325
-1477
-1676
-1804
-1895
-1967
-2013
-1929
-1474
-1122
-1177
-864
-867
-864
-905
-835
-813
-812
-791
-864
-845
-828
-911
-840
-863
-1057
-1390
-1531
-1514
-1502
-1500
-1514
-1581
-1366
-1143
-832
-869
-844
-812
-807
-802
-802
-848
-797
-774
-896
-842
-847
-823
-1072
-1298
-1490
-1655
-1671
-1578
-1572
-1555
-1368
-1103
-882
-822
-822
-822
-819
-816
-813
-812
-812
-841
-835
-850
-848
-852
-1083
-1130
-1210
-1398
-1394
-1372
-1386
-1469
-1503
-1485
-1173
-958
-908
-646
-779
-1242
-1318
-1333
-1360
-1366
-1454
-1532
-1507
-1536
-1564
-1676
-1706
-1703
-1747
-1682
-1699
-1623
-1521
-1561
-1403
-1377
-1347
-1371
-1353
-1327
-1315
-1349
-1363
-1378
-1491
-1608
-1606
-1533
-1694
-1965
-1976
-1947
-1978
-1978
-1890
-2048
-2109
-1948
-1858
-1856
-1856
-1856
-1758
-1683
-1754
-1816
-1851
-1833
-1838
-1823
-1819
-1840
-1812
-1982
-2090
-2030
-2019
-2000
-2032
-2244
-2212
-1924
-1808
-1807
-1871
-1680
-1786
-1755
-1777
-1809
-1823
-1690
-1727
-1959
-1847
-1842
-1946
-2027
-2144
-2272
-2304
-2283
-2207
-2378
-2224
-1867
-1806
-1721
-1675
-1637
-1216
-804
-1063
-1522
-1765
-1795
-1851
-1655
-1302
-1788
-1925
-2053
-2213
-2191
-2260
-2315
-2127
-2027
-1780
-1474
-1250
-1498
-1748
-1766
-1544
-1404
-1615
-1751
-1768
-1769
-1778
-1737
-1500
-1366
-1719
-2156
-2315
-2250
-2124
-1981
-1792
-1921
-1977
-1671
-1739
-1747
-1729
-1667
-1609
-1592
-1666
-1678
-1753
-1768
-1798
-1838
-1834
-1851
-1915
-1848
-1997
-2062
-2075
-2045
-2058
-2133
-2091
-2064
-1852
-1810
-1816
-1915
-1830
-1771
-1777
-1744
-1772
-1882
-2014
-2088
-1947
-1956
-1980
-1998
-2040
-2124
-2194
-2218
-2175
-2126
-2152
-2116
-1995
-1850
-1804
-1871
-1847
-1769
-1750
-1764
-1776
-1771
-1908
-1991
-1947
-1963
-1942
-1888
-1961
-1930
-1931
-1971
-1830
-1350
-1260
-1591
-1871
-1901
-1915
-1860
-1733
-1639
-1608
-1712
-1853
-1900
-1946
-1985
-1909
-1820
-1992
-2119
-2301
-2338
-2317
-2284
-2126
-2053
-1935
-1954
-2354
-2313
-2313
-2255
-2011
-1851
-1904
-2129
-2355
-2320
-2339
-2340
-2354
-2317
-2381
-2278
-2196
-2237
-2200
-2097
-1986
-1789
-1692
-1854
-2138
-2232
-2229
-2184
-1642
-1276
-1675
-1876
-1963
-1805
-1756
-1772
-1763
-1873
-2049
-2076
-2050
-2065
-2132
-2183
-2099
-1773
-1709
-1891
-1833
-1776
-1564
-1585
-1154
-729
-1088
-1592
-1804
-1811
-2043
-2083
-2227
-2280
-2481
-2625
-2776
-2776
-2731
-2659
-2419
-1626
-948
-910
-1084
-1300
-1392
-1507
-1214
-1009
-1511
-2018
-2238
-2325
-2317
-2382
-2207
-1809
-1717
-2055
-2136
-2269
-2233
-2224
-2356
-2431
-2707
-2784
-2500
-2482
-2460
-2342
-2367
-2372
-2347
-2415
-2392
-2406
-2450
-2345
-2362
-2352
-2424
-2241
-2303
-2328
-2336
-2363
-2349
-2358
-2347
-2454
-2470
-2386
-2097
-2094
-2353
-2553
-2779
-2841
-2885
-2986
-3011
-3016
-3135
-3243
-3009
-2864
-2870
-2884
-2766
-2777
-1942
144
743
115
-447
-753
-1046
-1272
-1276
-1280
-1437
-1564
-1481
-1171
-1171
-1507
-1606
-1619
-1569
-1556
-1595
-1650
-1623
-1615
-1652
-1843
-1614
-1451
-1536
-1562
-1562
-1587
-1493
-1365
-1469
-1549
-1560
-1519
-1524
-1553
-1577
-1574
-1841
-2066
-2253
-2252
-2300
-2304
-2268
-2074
-1649
-1619
-1484
-1473
-1478
-1543
-1580
-1590
-1580
-1525
-1537
-1522
-1570
-1588
-1568
-1648
-1738
-1901
-1947
-2008
-1988
-2082
-2110
-1705
-1522
-1519
-1510
-1551
-1532
-1541
-1513
-1537
-1522
-1515
-1586
-1629
-1619
-1594
-1571
-1520
-1643
-1796
-1886
-1926
-1977
-1920
-1900
-2086
-2004
-1565
-1501
-1480
-1497
-1516
-1359
-1308
-1244
-1417
-1409
-1525
-1536
-1529
-1543
-1537
-1700
-1991
-2015
-2075
-2116
-2154
-2098
-2168
-2139
-1812
-1553
-1463
-1466
-1536
-1559
-1571
-1574
-1477
-1437
-1457
-1573
-1557
-1553
-1602
-1710
-1821
-1850
-1862
-1892
-1984
-1902
-1888
-1913
-1870
-1667
-1705
-1697
-1688
-1671
-1530
-1555
-1556
-1563
-1563
-1611
-1507
-1522
-1595
-1654
-1660
-1798
-1812
-1876
-1834
-1840
-2029
-1782
-1355
-1332
-1267
-1203
-1200
-1214
-1222
-1226
-1250
-1313
-1316
-1318
-1322
-1309
-1319
-1489
-1725
-1865
-1736
-1721
-1816
-1784
-1400
-1055
-1263
-1233
-1238
-1231
-1270
-1246
-1238
-1247
-1236
-1239
-1267
-1347
-1350
-1281
-1319
-1541
-1769
-1913
-2146
-2177
-2177
-2098
-2227
-2075
-1592
-1402
-1338
-1393
-1329
-1256
-1304
-1309
-1300
-1331
-1379
-1425
-1360
-1366
-1384
-1563
-1950
-1996
-2115
-2058
-2012
-2018
-2006
-1955
-1586
-971
-572
-798
-836
-800
-739
-895
-1393
-1543
-1782
-1612
-1363
-1318
-1425
-1639
-1879
-1958
-1950
-2036
-2074
-1987
-1995
-1850
-1567
-1462
-1465
-1387
-1373
-1417
-1356
-1428
-1607
-1653
-1657
-1753
-1653
-1807
-1920
-2210
-2286
-2286
-2287
-2199
-2116
-2104
-2067
-2225
-2036
-1770
-1687
-1672
-1741
-1803
-1855
-1942
-1881
-1796
-1866
-1907
-1899
-1940
-2158
-2259
-2294
-2294
-2294
-2014
-1730
-1730
-1780
-1975
-2302
-2387
-2077
-1830
-1685
-1627
-1643
-1591
-1577
-1466
-1506
-1476
-1379
-1362
-1520
-1515
-1446
-1454
-1383
-1299
-1217
-1294
-1510
-1602
-1389
-1331
-1349
-1380
-1345
-1266
-1233
-1313
-1366
-1423
-1471
-1401
-1347
-1371
-1759
-2169
-2333
-2331
-2330
-2330
-2312
-1894
-1595
-1804
-1885
-1874
-1848
-1838
-1721
-1651
-1699
-1670
-1597
-1424
-1462
-1416
-1319
-1378
-1317
-1196
-1336
-1583
-1602
-1602
-1602
-1660
-1854
-1861
-1607
-1403
-1345
-1298
-1345
-1425
-1441
-1389
-1414
-1431
-1472
-1472
-1271
-947
-478
-616
-1055
-1488
-1935
-1991
-1838
-1222
-581
-443
-361
-822
-1162
-1112
-1179
-894
-357
-755
-1293
-1124
-893
-1033
-1290
-1333
-1352
-1511
-1806
-1868
-1718
-1752
-1944
-1927
-1914
-1798
-1445
-1413
-1383
-1264
-1114
-1128
-1159
-1069
-1018
-1195
-1377
-1421
-1403
-1232
-1161
-1863
-2547
-2710
-2982
-3121
-3281
-3301
-3218
-2986
-2969
-2776
-2710
-2664
-2700
-2780
-2943
-3001
-2681
-2385
-2526
-2815
-2869
-3163
-3109
-3092
-3036
-3036
-3036
-3036
-3036
-3036
-3036
-3036
-3036
-3251
-3283
-2998
-2977
-2923
-2928
-2984
-2982
-3040
-2902
-2708
-2626
-2766
-2832
-2807
-2694
-2687
-2820
-2803
-2509
-2237
-2003
-1676
-1345
-1196
-1610
-1830
-1815
-1983
-1755
-1542
-1712
-1714
-2124
-2493
-2079
-1690
-1543
-1496
-1979
-2464
-2776
-2995
-2951
-2754
-2543
-2327
-2367
-2554
-2385
-2316
-2364
-2364
-2360
-2371
-2329
-2138
-2147
-2356
-2366
-2362
-2372
-2260
-2217
-2317
-2387
-2487
-2586
-2523
-2402
-2486
-2409
-2402
-2437
-2344
-2344
-2344
-2339
-2330
-2376
-2461
-2444
-2298
-2347
-2332
-2381
-2394
-2277
-2247
-2439
-2425
-2405
-2393
-2161
-1909
-1568
-1219
-1250
-1434
-1349
-1423
-1418
-1696
-2447
-2620
-2659
-2372
-2430
-2477
-2613
-2670
-2486
-2327
-2442
-2565
-2546
-2552
-2451
-2482
-2727
-2883
-2828
-2539
-2572
-2514
-2381
-2370
-2188
-1921
-2118
-2343
-1915
-2362
-2387
-2432
-2272
-1850
-1985
-1860
-1906
-1991
-1979
-2055
-2830
-3127
-2914
-2791
-2773
-2750
-2715
-2745
-2830
-2360
-2261
-2410
-2355
-2381
-2399
-2447
-1892
-1388
-1618
-1757
-1903
-2000
-1916
-1852
-2316
-2824
-2881
-2690
-2511
-2437
-2395
-2460
-2499
-2225
-2436
-2379
-2326
-2353
-2357
-2366
-2093
-1718
-1722
-1749
-1855
-2005
-2137
-2391
-2627
-2632
-2573
-2594
-2601
-2606
-2584
-2545
-2553
-2564
-2612
-2548
-2558
-2548
-2508
-2409
-2127
-2191
-2523
-2602
-2704
-2786
-2215
-1940
-2453
-2659
-2589
-2543
-2559
-2562
-2581
-2557
-2547
-2546
-2576
-2564
-2558
-2472
-2334
-2358
-2434
-2398
-2627
-2743
-2789
-2637
-2664
-2706
-2575
-2517
-2291
-2183
-2108
-2119
-2187
-2193
-1957
-1857
-2272
-2322
-2362
-2330
-2280
-2362
-2559
-2576
-2714
-2946
-2979
-2896
-2229
-1964
-2431
-2599
-2585
-2445
-2308
-2245
-2032
-1936
-1741
-1610
-1962
-2354
-2278
-2261
-2308
-2314
-2233
-2095
-2373
-2317
-2134
-1892
-2131
-2356
-2462
-2679
-2432
-2348
-2352
-2440
-2470
-2632
-2621
-2504
-2468
-2306
-2302
-2305
-2328
-2470
-2501
-2287
-2458
-2419
-2542
-2475
-2436
-2447
-2736
-3021
-2762
-2477
-2341
-2342
-2351
-2361
-2345
-2345
-2406
-2348
-2293
-2335
-2373
-2409
-2527
-2580
-2702
-2731
-2600
-2637
-2781
-2878
-2976
-3083
-2818
-2455
-2552
-2563
-2445
-2321
-2308
-2336
-2412
-2349
-2319
-2334
-2347
-2317
-2320
-2240
-2372
-2428
-2414
-2428
-2412
-2624
-2766
-2703
-2455
-2394
-2413
-2402
-2387
-2382
-2372
-2347
-2250
-2242
-2207
-2203
-2224
-2267
-2273
-2124
-2151
-2282
-2239
-2190
-2210
-2538
-2735
-2516
-2276
-2252
-2285
-2283
-2236
-2219
-2122
-2127
-2290
-2329
-2273
-2213
-2248
-2330
-2474
-2607
-2614
-2616
-2776
-2816
-2919
-2383
-1823
-1630
-1788
-1809
-1797
-1724
-1619
-1373
-1195
-1595
-2202
-2314
-2309
-2325
-2342
-2387
-2606
-2854
-3053
-3163
-3185
-3182
-3160
-3057
-2771
-2603
-2413
-2325
-2312
-2331
-2294
-2322
-2304
-2321
-2297
-2331
-2320
-2327
-2346
-2384
-2478
-2194
-2204
-2028
-1703
-1349
-1317
-1907
-2497
-2428
-2431
-2386
-2391
-2394
-2327
-2290
-2193
-2124
-2240
-2297
-2294
-2289
-2364
-2518
-2637
-2748
-2763
-2813
-2981
-2867
-2858
-3071
-3210
-2988
-2679
-2428
-2365
-2378
-2335
-2331
-2330
-2339
-2279
-2313
-2291
-2305
-2326
-2364
-2557
-2383
-2411
-2475
-2440
-2335
-2320
-2505
-2605
-2505
-2169
-2293
-2400
-2444
-2400
-2388
-2385
-2397
-2362
-2317
-2317
-2397
-2408
-2382
-2425
-2416
-2408
-2435
-2645
-2740
-2695
-2562
-2389
-2346
-2438
-2354
-2329
-2308
-2283
-2176
-1973
-2133
-2313
-2279
-2316
-2306
-2301
-2347
-2415
-2367
-2430
-2403
-2498
-2524
-2631
-2998
-2912
-2681
-2480
-2486
-2442
-2372
-2211
-2026
-1897
-2092
-2378
-2328
-2350
-2381
-2407
-2625
-2884
-3349
-3497
-3494
-3505
-3522
-3170
-3141
-3064
-2641
-2499
-2450
-2416
-2434
-2317
-2225
-2002
-1989
-2223
-2282
-2331
-2320
-2302
-2321
-2529
-2627
-2611
-2733
-2776
-2753
-2779
-2902
-2886
-2571
-2484
-2356
-2371
-2378
-2266
-2178
-2028
-2139
-2342
-2297
-2232
-2306
-2333
-2556
-2873
-2955
-3356
-3478
-3454
-3486
-3428
-3393
-3099
-2889
-2772
-2554
-2501
-2329
-2282
-2190
-1993
-2091
-2304
-2329
-2320
-2339
-2337
-2218
-2486
-2830
-2911
-2966
-3058
-2974
-3030
-3240
-3299
-3068
-2890
-2698
-2503
-2464
-2430
-2423
-2361
-2443
-2465
-2356
-2306
-2293
-2408
-2496
-2827
-2981
-3063
-3075
-3050
-3070
-3096
-3006
-2971
-2881
-2784
-2414
-2351
-2446
-2296
-2320
-2177
-2183
-2366
-2315
-2305
-2320
-2308
-2414
-2635
-2865
-2897
-3020
-3012
-2835
-2845
-2948
-2961
-2554
-2421
-2412
-2356
-2299
-2245
-2135
-1962
-2118
-2317
-2317
-2330
-2312
-2294
-2331
-2358
-2379
-2416
-2374
-2511
-2498
-2513
-2805
-2847
-2526
-2274
-2246
-2247
-2250
-2152
-2008
-1521
-1731
-2331
-2334
-2327
-2312
-2299
-2350
-2513
-2717
-2795
-2727
-2726
-2723
-2737
-2894
-2893
-2523
-2338
-2274
-2363
-2380
-2270
-2254
-2138
-2139
-2289
-2305
-2306
-2296
-2332
-2396
-2623
-2812
-2950
-2953
-2957
-2955
-3090
-3261
-3131
-2731
-2471
-2464
-2458
-2389
-2359
-2329
-2189
-2263
-2427
-2328
-2270
-2332
-2524
-2603
-2923
-3189
-3476
-3479
-3513
-3522
-3461
-3413
-3431
-3388
-3167
-2789
-2626
-2507
-2436
-2438
-2221
-2237
-2381
-2338
-2309
-2310
-2396
-2392
-2570
-2620
-2772
-2842
-2909
-2954
-3167
-3246
-3204
-3076
-2847
-2433
-2475
-2418
-2408
-2326
-2234
-2272
-2293
-2349
-2265
-2328
-2393
-2498
-2743
-2884
-2962
-2962
-2945
-2977
-3053
-2989
-2959
-2977
-2714
-2467
-2490
-2343
-2438
-2376
-2333
-2276
-2350
-2338
-2269
-2308
-2342
-2383
-2468
-2569
-2783
-2758
-2806
-2758
-2848
-2912
-2896
-2593
-2342
-2302
-2314
-2331
-2291
-2277
-2281
-2343
-2237
-2135
-2289
-2316
-2304
-2289
-2455
-2865
-3013
-3008
-3022
-2995
-2771
-2661
-2308
-1958
-1898
-1810
-1701
-1726
-1790
-1639
-1342
-1560
-2161
-2301
-2301
-2290
-2303
-2337
-2666
-2874
-2846
-2825
-2763
-2660
-2440
-2141
-2050
-1683
-1248
-794
-732
-650
-38
370
537
-427
-1799
-2133
-2220
-2280
-2280
-2104
-2455
-2873
-2921
-2839
-2861
-2671
-2527
-2439
-1648
-483
-421
-608
-791
-797
-416
-271
-604
-1621
-2298
-1900
-2287
-2275
-2313
-2490
-2780
-2965
-3138
-3237
-3269
-3049
-2296
-1578
-952
-926
-1088
-1120
-876
-455
-266
-333
-348
-1122
-2189
-2354
-2309
-2291
-2288
-2100
-2232
-2620
-2724
-2868
-2883
-2835
-2846
-2924
-3262
-3134
-3010
-2943
-2955
-2984
-2856
-2692
-2473
-2425
-2506
-2459
-2418
-2514
-2622
-2483
-2579
-2844
-3082
-3196
-3207
-3213
-3207
-3221
-3262
-2967
-2698
-2920
-2874
-2899
-2650
-2835
-2803
-2804
-2420
-2354
-2195
-2334
-1426
-1197
-678
-1770
-2789
-2813
-3083
-2646
-1947
-1990
-2295
-2382
-2383
-2320
-2292
-2305
-2305
-2311
-2121
-2132
-2283
-2282
-2285
-2273
-2266
-2279
-2392
-2591
-2665
-2713
-2899
-2982
-2713
-2208
-1515
-1224
-1670
-1551
-1113
-896
-580
-610
-432
-1336
-2381
-2231
-2264
-2397
-2435
-1936
-1716
-2150
-2690
-2861
-2758
-2159
-1397
-1701
-2666
-2790
-2645
-2481
-2311
-2325
-2299
-2268
-2098
-2261
-2453
-2312
-2310
-2292
-2281
-1662
-1700
-2671
-2998
-2917
-3050
-2797
-2431
-2467
-2544
-2553
-2560
-2453
-2396
-2352
-2370
-2411
-2301
-2262
-2237
-2312
-2289
-2285
-2296
-2391
-2152
-1859
-2244
-2215
-2335
-2423
-1877
-1645
-2360
-2572
-2574
-2550
-2397
-2324
-2137
-2096
-2030
-2169
-2339
-2294
-1900
-1503
-1612
-1564
-2121
-2784
-2782
-2905
-2879
-2690
-2894
-2845
-2775
-2492
-2522
-2654
-2402
-2337
-2279
-2134
-2291
-2390
-2330
-2294
-2010
-1684
-1659
-1315
-1688
-2527
-2885
-2927
-2812
-2244
-1357
-805
-658
-129
-148
-1479
-2123
-2477
-2434
-2359
-2255
-2273
-2431
-2396
-1917
-1296
-1109
-633
-847
-1889
-2823
-2715
-2484
-2002
-1556
-926
-793
-1250
-1394
-1437
-1521
-1561
-1704
-1637
-1635
-2144
-2333
-2288
-2279
-2290
-2080
-1614
-1850
-2463
-2575
-2707
-2879
-2762
-2516
-2808
-2767
-2091
-2155
-2315
-2322
-2311
-2314
-2387
-2417
-2379
-2376
-2263
-2236
-2240
-2383
-2291
-2582
-3049
-3202
-3106
-2746
-2292
-2223
-2623
-3059
-2850
-2577
-2528
-2446
-2294
-2438
-2465
-2123
-2006
-2264
-2303
-2297
-2304
-2310
-1952
-2338
-2910
-2868
-2848
-2682
-2393
-2367
-2594
-2796
-2863
-2685
-2577
-2688
-2593
-2300
-2374
-2343
-2322
-2343
-2303
-2306
-2314
-2353
-2450
-2708
-2714
-2828
-2748
-2290
-1784
-1930
-2620
-2901
-2243
-1608
-1684
-1578
-1971
-2265
-2367
-2394
-2209
-2301
-2316
-2339
-2330
-2408
-2486
-2577
-2604
-2729
-2703
-2681
-2520
-2438
-2463
-2861
-2875
-2657
-2537
-2364
-2379
-2443
-2452
-2367
-2259
-2302
-2331
-2335
-2510
-2598
-2703
-2813
-2836
-3052
-3199
-3198
-2961
-2641
-2810
-2638
-2523
-3046
-3227
-2872
-2665
-2769
-2807
-2762
-2666
-2494
-2616
-2771
-2874
-2901
-3030
-3171
-3129
-3143
-3024
-2842
-2588
-2296
-2713
-3323
-3027
-2725
-2507
-2499
-2292
-2485
-2466
-2500
-2454
-2360
-2320
-2318
-2351
-2380
-2401
-2442
-2351
-2255
-2304
-2276
-2137
-2295
-2706
-2997
-2860
-2909
-2600
-2638
-2558
-2540
-2513
-2499
-2449
-2389
-2358
-2342
-2349
-2339
-2362
-2380
-2219
-2195
-2117
-1761
-1308
-1293
-1992
-2551
-2865
-2891
-2798
-2650
-2245
-2173
-2263
-2278
-2339
-2439
-2429
-2414
-2353
-2337
-2336
-2250
-2180
-2295
-2269
-2289
-2134
-2164
-2282
-2331
-2393
-2549
-2526
-2456
-2317
-2329
-2323
-2338
-2307
-2307
-2337
-2384
-2391
-2358
-2411
-2493
-2336
-2265
-2215
-2254
-2301
-2319
-2547
-2678
-2674
-2614
-2498
-2625
-2498
-2393
-2309
-2336
-2384
-2388
-2340
-2397
-2415
-2408
-2374
-2157
-1893
-1915
-2040
-2109
-2135
-2270
-2342
-2369
-2574
-2590
-2459
-2583
-2496
-2531
-2620
-2521
-2524
-2440
-2482
-2387
-2356
-2344
-2346
-2247
-2068
-2151
-2210
-2150
-2089
-2154
-2231
-2384
-2583
-2761
-2832
-2611
-2449
-2330
-2418
-2383
-2411
-2454
-2404
-2379
-2379
-2381
-2355
-2254
-2263
-2358
-2441
-2541
-2467
-2521
-2688
-1669
-821
-1415
-1654
-1445
-1636
-1878
-1904
-1857
-1868
-1931
-1838
-1769
-1814
-1814
-1850
-1987
-2093
-2365
-2450
-2448
-2370
-2410
-2458
-2188
-2009
-2189
-2218
-2141
-2148
-1983
-1910
-1961
-1881
-1866
-1811
-1837
-1898
-1922
-2152
-2468
-2648
-2871
-2968
-2990
-2989
-2799
-2476
-1605
-870
-1426
-2207
-2286
-2123
-2023
-1881
-1931
-1932
-1926
-1870
-1903
-1839
-1800
-967
-730
