0
0
0
0
0
0
0
0
12.438
46.144
86.81
109.579
110.2
88.489
48.422
0
0
0
0
0
0
0
0
0
0
0
0
0
0
0
0
0
3.838
11.497
25.207
32.882
32.718
94.664
48.27
7.26
0
0
0
0
0
0
0
0
0
0
0
0
0
0
0
0
4.914
44.643
86.887
110.097
112.549
90.909
50.755
8.298
0
0
0
0
0
0
0
0
0
0
0
0
0
0
0
0
17.011
151.063
100.326
113.413
122.474
93.345
166.701
40.912
0
0
0
0
0
0
0
0
0
0
0
0
0
0
0
0
0
46.02
228.235
213.35
212.283
275.641
129.25
61.033
0
0
0
0
0
0
0
0
0
0
0
0
0
0
0
0
18.097
158.099
245.314
371.737
362.634
260.691
15.259
10.146
0
0
0
0
0
0
0
0
0
0
0
0
0
0
0
0
17.955
153.85
327.138
393.351
401.337
345.105
134.063
10.932
0
0
0
0
0
0
0
0
0
0
0
0
0
0
0
0
5.855
12.793
27.559
35.23
36.147
29.215
16.088
1.34
0
0
0
0
0
0
0
0
0
0
0
0
0
0
0
0
5.75
48.766
91.477
318.448
237.745
271.079
58.644
11.675
0
0
0
0
0
0
0
0
0
0
0
0
0
0
0
0
5.666
49.425
92.11
126.642
129.826
108.943
61.37
12.744
0
0
0
0
0
0
0
0
0
0
0
0
0
0
0
0
5.811
51.053
94.604
127.745
130.667
262.43
232.287
84.449
0
0
0
0
0
0
0
0
0
0
0
0
0
0
0
0
7.14
60.169
96.679
241.408
362.972
353.511
245.264
78.893
0
0
0
0
0
0
0
0
0
0
0
0
0
0
0
0
35.014
172.662
346.598
414.148
422.211
369.059
255.595
89.268
0
0
0
0
0
0
0
0
0
0
0
0
0
0
0
0
36.917
173.505
349.581
416.874
426.825
376.336
261.605
93.44
0
0
0
0
0
0
0
0
0
0
0
0
0
0
0
0
43.089
179.612
352.601
422.206
428.349
378.914
265.7
98.511
0
0
0
0
0
0
0
0
0
0
0
0
0
0
0
0
46.355
180.446
349.089
413.545
155.85
275.21
140.487
99.369
0
0
0
0
0
0
0
0
0
0
0
0
0
0
0
0
8.422
16.246
31.094
39.766
41.46
34.538
21.467
4.043
0
0
0
0
0
0
0
0
0
0
0
0
0
0
0
0
0.54
16.219
30.942
40.403
142.884
35.124
22.195
22.271
0
0
0
0
0
0
0
0
0
0
0
0
0
0
0
0
59.568
178.526
355.034
418.305
425.626
379.295
275.974
113.013
0
0
0
0
0
0
0
0
0
0
0
0
0
0
0
0
0.561
17.071
111.641
137.683
142.177
116.083
149.031
25.043
0
0
0
0
0
0
0
0
0
0
0
0
0
0
0
0
56.868
184.019
354.953
429.732
439.047
386.257
222.922
58.353
0
0
0
0
0
0
0
0
0
0
0
0
0
0
0
0
25.34
81.002
118.339
148.076
151.817
39.138
25.212
7.635
0
0
0
0
0
0
0
0
0
0
0
0
0
0
0
0
12.379
71.293
120.13
149.021
152.944
134.24
90.152
30.464
0
0
0
0
0
0
0
0
0
0
0
0
0
0
0
0
13.189
85.553
36.129
45.792
47.421
40.357
27.151
32.691
0
0
0
0
0
0
0
0
0
0
0
0
0
0
0
0
1.65
20.539
37.55
47.464
49.016
41.9
28.62
9.774
0
0
0
0
0
0
0
0
0
0
0
0
0
0
0
0
2.432
21.051
36.935
46.527
48.246
42.093
28.017
9.489
0
0
0
0
0
0
0
0
0
0
0
0
0
0
0
0
2.439
21.097
37.899
47.579
49.264
43.055
28.966
37.535
0
0
0
0
0
0
0
0
0
0
0
0
0
0
0
0
3.324
72.984
38.604
48.271
50.02
43.942
29.843
11.315
0
0
0
0
0
0
0
0
0
0
0
0
0
0
0
0
3.387
23.086
39.968
49.678
52.352
45.265
31.09
12.362
0
0
0
0
0
0
0
0
0
0
0
0
0
0
0
0
4.326
24.057
40.98
50.683
53.304
143.146
31.831
13.201
0
0
0
0
0
0
0
0
0
0
0
0
0
0
0
0
4.309
24.904
41.785
51.491
53.132
46.923
32.767
45.92
2.475
0
0
0
0
0
0
0
0
0
0
0
0
0
0
0
3.09
22.144
38.53
48.004
49.728
43.733
29.856
11.695
1.348
0
0
0
0
0
0
0
0
0
0
0
0
0
0
0
19.685
141.107
123.789
343.561
157.674
148.365
100.223
79.392
9.374
0
0
0
0
0
0
0
0
0
0
0
0
0
0
0
4.077
23.178
39.344
49.453
51.112
153.05
98.884
44.984
3.062
0
0
0
0
0
0
0
0
0
0
0
0
0
0
0
21.759
76.852
124.976
165.609
172.176
152.275
103.233
47.282
3.134
0
0
0
0
0
0
0
0
0
0
0
0
0
0
0
87.696
243.398
379.262
421.28
422.633
380.057
300.907
170.265
11
0
0
0
0
0
0
0
0
0
0
0
0
0
0
0
76.828
212.196
282.217
281.771
242.938
156.707
107.279
50.862
4.847
0
0
0
0
0
0
0
0
0
0
0
0
0
0
0
95.207
266.959
404.707
475.777
485.22
406.53
323.548
182.546
20.374
0
0
0
0
0
0
0
0
0
0
0
0
0
0
0.078
107.151
265.399
412.416
484.6
497.684
444.435
210.518
55.653
6.625
0
0
0
0
0
0
0
0
0
0
0
0
0
0
0.877
109.298
258.566
301.664
185.666
186.442
278.408
270.406
149.5
7.475
0
0
0
0
0
0
0
0
0
0
0
0
0
0
1.78
113.709
278.443
421.439
495.412
503.862
191.096
119.116
113.036
21.158
0
0
0
0
0
0
0
0
0
0
0
0
0
0
0
9.414
30.494
48.015
58.38
60.838
53.671
129.1
19.742
4.921
0
0
0
0
0
0
0
0
0
0
0
0
0
0
3.43
97.956
289.35
434.323
515.719
533.176
481.035
375.796
208.063
37.602
0
0
0
0
0
0
0
0
0
0
0
0
0
0
0
38.734
100.891
166.404
184.379
191.072
172.554
131.371
69.992
37.328
0
0
0
0
0
0
0
0
0
0
0
0
0
0
0
137.113
235.689
297.787
194.637
200.187
180.76
237.032
132.521
22.441
0
0
0
0
0
0
0
0
0
0
0
0
0
0
0.708
43.698
106.744
158.501
186.83
65.723
58.83
43.908
23.675
2.418
0
0
0
0
0
0
0
0
0
0
0
0
0
0
1.585
45.154
35.025
53.267
202.821
200.878
58.317
44.025
24.199
2.325
0
0
0
0
0
0
0
0
0
0
0
0
0
0
0
14.098
35.94
54.059
65.173
215.607
313.193
148.133
76.832
17.182
0
0
0
0
0
0
0
0
0
0
0
0
0
0
0
14.783
37.684
55.139
66.44
221.926
193.161
139.515
79.894
18.942
0
0
0
0
0
0
0
0
0
0
0
0
0
0
10.086
136.607
324.027
468.486
518.156
441.531
313.184
362.763
235.125
57.887
0
0
0
0
0
0
0
0
0
0
0
0
0
0
0
16.713
39.823
59.37
70.204
215.771
334.991
401.239
269.364
75.101
0
0
0
0
0
0
0
0
0
0
0
0
0
0
5.325
160.326
360.452
497.298
555.644
576.265
523.431
414.421
261.334
78.734
0
0
0
0
0
0
0
0
0
0
0
0
0
0
0
18.727
41.876
61.407
72.163
74.718
67.333
51.34
30.076
6.93
0
0
0
0
0
0
0
0
0
0
0
0
0
0
0
19.329
42.304
60.696
72.214
73.81
66.468
51.546
30.499
6.809
0
0
0
0
0
0
0
0
0
0
0
0
0
0
0
20.077
42.881
61.257
72.815
75.45
68.371
52.555
31.492
7.71
0
0
0
0
0
0
0
0
0
0
0
0
0
0
0
21.081
44.842
63.032
74.427
75.962
68.603
53.771
32.168
8.489
0
0
0
0
0
0
0
0
0
0
0
0
0
0
8.357
65.358
128.825
61.054
72.351
73.984
66.965
52.476
32.104
9.075
0
0
0
0
0
0
0
0
0
0
0
0
0
0
9.14
67.708
132.216
62.822
73.296
75.902
217.572
166.122
97.4
33.781
0
0
0
0
0
0
0
0
0
0
0
0
0
0
0.504
22.99
146.937
195.997
228.036
233.859
213.684
168.887
99.4
35.637
0
0
0
0
0
0
0
0
0
0
0
0
0
0
40.884
225.649
417.422
440.654
240.556
84.791
223.756
178.814
116.814
74.694
2.365
0
0
0
0
0
0
0
0
0
0
0
0
0
58.298
232.853
416.564
545.741
623.953
633.96
593.049
483.716
315.351
104.513
0.613
0
0
0
0
0
0
0
0
0
0
0
0
0
4.96
28.523
52.841
71.064
82.487
266.122
456.855
297.975
204.647
78.252
5.825
0
0
0
0
0
0
0
0
0
0
0
0
0
23.259
92.812
413.002
573.591
644.906
660.445
610.126
495.833
262.505
140.132
8.59
0
0
0
0
0
0
0
0
0
0
0
0
0
43.737
96.377
341.205
509.051
403.465
623.949
282.027
188.219
124.812
16.381
0
0
0
0
0
0
0
0
0
0
0
0
0
0
43.63
201.276
175.973
73.83
85.228
86.955
79.206
64.025
41.72
16.818
0
0
0
0
0
0
0
0
0
0
0
0
0
0
47.689
98.321
177.583
219.505
247.892
251.915
232.813
188.355
127.602
55.16
3.131
0
0
0
0
0
0
0
0
0
0
0
0
0
31.179
33.798
181.59
228.69
255.856
262.302
242.423
197.188
127.227
56.595
0
0
0
0
0
0
0
0
0
0
0
0
0
0
89.638
262.334
435.386
462.239
516.609
409.994
251.366
199.429
135.254
58.024
9.168
0
0
0
0
0
0
0
0
0
0
0
0
0
35.409
106.923
60.536
245.634
268.755
271.905
250.682
205.197
219.389
100.401
9.992
0
0
0
0
0
0
0
0
0
0
0
0
0
38.324
108.877
176.011
239.353
269.56
274.912
83.577
68.017
142.252
61.727
5.59
0
0
0
0
0
0
0
0
0
0
0
0
0
39.322
110.966
177.499
241.245
271.154
92.444
260.53
68.744
46.64
21.035
0
0
0
0
0
0
0
0
0
0
0
0
0
0
42.191
114.309
181.115
81.428
276.211
281.369
255.946
69.82
146.772
21.848
0
0
0
0
0
0
0
0
0
0
0
0
0
0
13.511
39.355
64.117
82.385
92.683
94.72
86.691
70.693
48.444
21.952
0
0
0
0
0
0
0
0
0
0
0
0
0
0
14.277
40.93
64.875
83.234
93.522
95.4
87.408
332.167
293.091
157.065
21.872
0
0
0
0
0
0
0
0
0
0
0
0
1.402
49.377
42.135
203.322
253.144
284.109
459.304
522.304
221.632
151.633
72.074
9.095
0
0
0
0
0
0
0
0
0
0
0
0
0
17.361
44.367
195.371
244.159
443.098
436.82
253.847
75.213
52.39
24.906
0.557
0
0
0
0
0
0
0
0
0
0
0
0
3.243
110.429
209.505
406.227
263.809
98.805
99.81
92.157
75.581
53.098
25.602
1.399
0
0
0
0
0
0
0
0
0
0
0
0
0
17.661
44.193
68.938
87.259
97.591
99.45
91.462
74.538
52.302
26.022
1.277
0
0
0
0
0
0
0
0
0
0
0
0
4.819
93.082
211.421
205.717
257.825
98.814
99.708
91.981
75.812
53.536
26.269
2.19
0
0
0
0
0
0
0
0
0
0
0
0
10.055
20.305
142.17
201.506
265.384
294.234
468.085
271.748
226.091
159.575
127.28
24.624
0
0
0
0
0
0
0
0
0
0
0
0
6.689
64.565
138.534
204.438
508.705
292.13
299.71
277.868
228.298
160.714
82.539
16.805
0
0
0
0
0
0
0
0
0
0
0
0
18.039
22.183
261.128
336.847
92.418
306.925
642.201
544.248
442.38
160.392
85.576
18.539
0
0
0
0
0
0
0
0
0
0
0
0
0
22.74
49.944
340.751
533.482
597.273
703.891
446.707
225.344
167.951
86.971
19.235
0
0
0
0
0
0
0
0
0
0
0
0
15.105
71.348
146.982
214.984
277.064
307.586
485.414
653.614
545.839
392.287
206.356
46.305
0
0
0
0
0
0
0
0
0
0
0
0
22.667
126.113
253.79
354.07
440.894
469.487
579.989
645.133
491.246
355.118
205.236
48.742
0
0
0
0
0
0
0
0
0
0
0
0
17.989
77.84
153.83
221.811
285.579
313.97
492.842
435.354
231.546
263.769
193.803
52.084
0
0
0
0
0
0
0
0
0
0
0
0
2.329
27.511
55.113
80.187
98.588
109.204
109.619
100.79
84.344
59.887
32.47
6.559
0
0
0
0
0
0
0
0
0
0
0
0
3.212
153.175
166.407
235.024
99.136
110.083
111.051
102.289
85.502
61.121
33.616
7.571
0
0
0
0
0
0
0
0
0
0
0
0
4.069
29.49
58.123
83.504
101.873
111.88
322.631
298.062
247.145
180.415
98.717
54.06
0
0
0
0
0
0
0
0
0
0
0
0
4.974
89.138
165.585
241.417
294.345
600.409
665.644
459.825
542.794
272.168
153.28
54.019
0
0
0
0
0
0
0
0
0
0
0
0
48.395
202.701
386.765
550.972
657.321
708.402
483.329
461.386
254.697
183.841
102.089
9.146
0
0
0
0
0
0
0
0
0
0
0
0
23.966
92.016
167.742
242.299
294.893
321.172
322.978
299.699
385.903
338.366
101.877
32.914
0
0
0
0
0
0
0
0
0
0
0
0
54.457
209.896
393.713
552.169
658.346
720.494
720.017
617.014
566.183
421.586
231.393
67.538
1.293
0
0
0
0
0
0
0
0
0
0
0
28.412
98.311
62.753
88.264
106.865
334.893
338.525
312.769
488.237
423.422
239.495
36.084
0
0
0
0
0
0
0
0
0
0
0
0
8.398
35.408
65.046
89.432
107.686
118.061
339.055
314.794
264.126
193.113
110.502
37.84
0
0
0
0
0
0
0
0
0
0
0
0
9.274
104.695
182.114
259.668
584.891
737.486
736.837
701.138
591.08
431.082
242.803
73.189
3.025
0
0
0
0
0
0
0
0
0
0
0
10.256
38.262
66.845
91.328
109.608
118.679
337.497
310.089
259.546
191.473
110.161
39.498
0
0
0
0
0
0
0
0
0
0
0
0
11.078
109.595
348.294
260.104
312.146
622.202
496.599
573.726
487.617
195.292
169.401
40.617
0
0
0
0
0
0
0
0
0
0
0
0
12.074
40.439
69.697
95.535
114.4
124.12
123.773
114.026
273.976
196.742
121.054
44.206
0.566
0
0
0
0
0
0
0
0
0
0
4.545
73.79
226.227
416.961
577.492
683.591
618.757
730.122
689.248
590.121
439.784
250.813
82.509
6.621
0
0
0
0
0
0
0
0
0
0
5.368
84.052
244.316
417.318
566.969
659.532
703.617
710.865
653.086
565.475
420.712
252.172
83.325
7.322
0
0
0
0
0
0
0
0
0
0
6.7
84.742
249.219
436.162
589.234
700.877
631.356
756.225
653.855
571.354
408.464
180.527
67.128
7.301
0
0
0
0
0
0
0
0
0
0
7.737
90.331
257.836
447.044
578.717
683.344
761.746
757.707
713.669
594.298
453.675
264.492
92.552
9.282
0
0
0
0
0
0
0
0
0
0
5.162
50.444
124.358
199.52
263.833
312.476
124.22
125.344
115.912
98.45
73.495
45.33
16.9
0
0
0
0
0
0
0
0
0
0
0
2.244
50.355
44.138
204.495
270.106
112.724
121.882
122.564
112.991
95.6
72.597
44.676
16.638
0
0
0
0
0
0
0
0
0
0
0
0
16.605
44.427
72.082
95.966
113.146
121.884
234.404
317.169
96.068
72.352
44.491
16.577
0
0
0
0
0
0
0
0
0
0
0
0
17.572
45.728
208.335
271.991
474.719
512.089
620.508
632.129
489.861
369.08
220.663
73.434
7.127
0
0
0
0
0
0
0
0
0
0
3.919
55.027
127.289
198.461
258.781
302.381
325.38
323.585
300.514
257.072
195.851
44.92
17.793
0
0
0
0
0
0
0
0
0
0
0
4.727
57.251
128.581
200.72
97.289
114.573
122.506
122.594
316.359
95.487
73.731
46.459
18.135
0
0
0
0
0
0
0
0
0
0
0
5.636
59.404
132.109
379.397
587.668
690.701
704.076
738.517
687.987
560.565
444.395
254.197
100.42
14.67
0
0
0
0
0
0
0
0
0
0
6.546
61.029
135.332
207.489
279.368
116.471
125.12
349.135
322.741
276.111
207.898
130.165
58.129
5.449
0
0
0
0
0
0
0
0
0
0
0
63.774
50.042
78.238
102.166
119.798
128.396
128.346
119.768
101.614
78.267
49.325
85.377
17.426
0
0
0
0
0
0
0
0
0
0
19.381
93.988
146.272
228.693
286.788
335.332
684.389
755.389
624.627
629.403
487.108
293.059
115.879
18.496
0
0
0
0
0
0
0
0
0
0
22.619
117.996
293.748
474.212
632.547
725.404
797.428
785.523
727.323
628.509
478.494
290.581
117.545
20.052
0
0
0
0
0
0
0
0
0
0
24.419
116.393
259.038
231.72
287.993
330.507
353.315
354.616
511.302
292.369
218.08
144.657
92.999
14.428
0
0
0
0
0
0
0
0
0
0
26.135
130.45
282.417
467.83
603.81
699.958
732.245
732.28
584.665
278.304
313.943
203.774
92.488
9.915
0
0
0
0
0
0
0
0
0
0
13.661
73.67
148.031
221.465
294.071
122.337
363.224
131.077
123.33
105.625
225.543
247.673
101.728
16.871
0
0
0
0
0
0
0
0
0
0
29.466
76.379
221.656
408.203
296.78
665.939
542.326
363.551
654.477
569.711
324.229
248.142
119.969
22.472
0
0
0
0
0
0
0
0
0
0
3.184
27.567
56.933
85.08
108.404
125.803
134.026
133.018
342.511
105.734
81.355
53.252
24.37
1.303
0
0
0
0
0
0
0
0
0
0
3.077
27.017
153.09
336.266
531.991
622.848
543.302
363.859
341.784
289.786
223.459
144.038
70.686
13.154
0
0
0
0
0
0
0
0
0
0
31.29
106.457
147.39
219.494
287.598
328.485
334.347
333.595
482.107
412.006
378.793
265.345
114.145
26.324
0
0
0
0
0
0
0
0
0
0
33.302
136.889
297.526
458.527
596.078
685.873
729.819
721.827
677.799
583.748
445.659
278.001
119.972
24.42
0
0
0
0
0
0
0
0
0
0
35.02
132.301
256.584
319.508
405.101
323.09
333.874
329.892
321.211
100.992
79.258
52.153
71.621
26.994
0
0
0
0
0
0
0
0
0
0
4.621
28.254
56.748
84.509
107.376
123.366
132.1
377.173
697.244
619.81
467.518
286.55
121.047
29.037
0
0
0
0
0
0
0
0
0
0
21.732
29.269
158.831
227.171
299.037
513.634
662.486
547.105
338.985
292.893
226.157
147.758
75.13
17.208
0
0
0
0
0
0
0
0
0
0
5.877
31.303
168.701
241.169
315.893
348.581
370.269
562.008
357.612
298.198
344.108
307.268
134.107
35.183
0
0
0
0
0
0
0
0
0
0
38.493
157.853
324.117
491.511
542.489
682.946
656.48
566.737
683.584
594.468
241.517
158.928
142.301
31.804
0
0
0
0
0
0
0
0
0
0
25.897
90.004
61.836
89.967
311.806
344.599
565.277
374.897
338.103
304.311
235.391
155.77
28.633
13.445
0
0
0
0
0
0
0
0
0
0
27.479
156.055
286.071
355.008
299.245
341.25
362.495
357.503
335.189
303.145
236.952
269.106
136.656
36.256
0
0
0
0
0
0
0
0
0
0
35.211
91.313
165.668
238.523
308.416
129.005
379.362
361.495
335.656
301.452
234.681
157.146
82.845
22.493
0
0
0
0
0
0
0
0
0
1.318
36.363
152.303
305.58
442.28
308.739
345.424
366.629
363.344
338.614
303.797
237.045
158.03
114.243
23.357
0
0
0
0
0
0
0
0
0
1.348
35.277
160.928
291.285
439.114
455.093
520.98
379.922
559.692
634.283
600.657
481.68
316.234
143.745
40.787
0
0
0
0
0
0
0
0
0
2.437
39.339
160.035
286.363
244.331
308.978
338.64
359.285
357.186
336.436
301.466
235.823
247.756
136.102
41.363
0
0
0
0
0
0
0
0
0
3.206
51.167
96.498
314.624
487.083
607.592
717.176
762.654
745.709
689.691
611.068
474.581
309.467
144.057
42.627
0.374
0
0
0
0
0
0
0
0
3.151
44.907
96.798
170.537
239.939
306.187
338.13
136.291
136.991
128.074
111.526
88.137
60.375
62.564
26.629
0
0
0
0
0
0
0
0
0
0
9.795
96.165
169.952
239.55
297.285
345.664
361.965
359.63
332.677
576.478
227.013
154.51
85.128
26.371
0
0
0
0
0
0
0
0
0
0
9.836
35.119
168.551
473.95
569.129
593.443
611.388
517.517
340.242
279.395
223.09
154.559
85.798
27.788
0
0
0
0
0
0
0
0
0
0
10.415
35.566
170.388
90.46
307.281
128.233
381.333
364.536
341.666
289.01
234.997
306.988
146.287
42.679
2.041
0
0
0
0
0
0
0
0
0
36.952
37.051
65.557
247.625
112.315
127.526
137.431
136.266
240.452
299.861
232.835
162.065
135.64
49.53
2.824
0
0
0
0
0
0
0
0
5.853
54.252
100.325
65.439
92.573
114.86
130.41
139.554
138.672
350.893
302.841
239.834
165.429
92.989
31.559
0
0
0
0
0
0
0
0
0
0
11.467
37.849
66.444
93.672
314.518
344.55
365.118
366.565
129.734
114.256
90.622
63.734
35.163
9.749
0
0
0
0
0
0
0
0
0
1.376
39.732
104.846
180.612
251.533
117.517
359.685
367.944
362.022
336.833
304.422
90.599
63.405
95.644
9.658
0
0
0
0
0
0
0
0
0
0
12.545
39.093
182.54
252.141
320.309
350.866
369.999
369.367
347.313
310.098
247.925
172.436
140.814
50.582
4.731
0
0
0
0
0
0
0
0
8.429
60.887
183.286
355.008
457.445
628.739
749.389
811.167
790.448
737.237
654.37
512.88
340.268
166.982
55.487
5.578
0
0
0
0
0
0
0
0
9.423
62.059
183.571
354.425
521.16
653.927
747.241
778.599
765.993
385.358
309.084
489.4
332.629
164.166
55.419
6.278
0
0
0
0
0
0
0
0
8.615
63.164
181.504
345.686
505.062
618.552
703.18
746.65
748.863
698.228
610.694
478.109
321.855
160.437
54.496
5.985
0
0
0
0
0
0
0
0
8.843
61.751
166.305
338.281
511.204
643.643
731.448
778.768
776.211
717.587
631.081
497.839
331.885
167.166
57.607
7.19
0
0
0
0
0
0
0
0
10.002
64.258
187.841
187.022
257.819
323.369
357.066
615.239
732.458
726.75
645.105
512.925
341.024
170.897
59.036
8.076
0
0
0
0
0
0
0
0
11.038
14.335
108.388
350.096
507.052
624.32
709.926
737.348
749.198
688.934
610.095
485.947
327.634
166.265
58.213
7.727
0
0
0
0
0
0
0
0
10.866
64.499
185.584
352.007
506.779
629.674
717.011
761.375
753.107
708.996
616.404
488.549
333.015
169.062
59.959
8.569
0
0
0
0
0
0
0
0
11.754
65.254
184.28
346.046
506.432
641.921
731.303
781.405
678.168
726.103
646.432
512.699
344.554
174.024
61.802
8.634
0
0
0
0
0
0
0
0
11.788
67.133
178.837
181.7
438.662
315.388
346.953
360.013
365.731
341.801
309.341
246
290.624
168.756
40.561
2.022
0
0
0
0
0
0
0
0
3.038
45.972
109.415
181.48
247.642
461.326
497.193
554.401
647.078
501.215
381.278
243.946
174.626
103.947
41.425
7.948
0
0
0
0
0
0
0
0
3.827
45.541
109.668
182.51
95.514
118.476
133.263
141.681
141.16
131.672
115.733
94.435
177.959
105.144
43.003
2.938
0
0
0
0
0
0
0
0
3.794
45.463
147.113
257.122
252.14
307.608
363.677
382.433
377.959
359.086
317.172
254.838
179.606
106.418
43.551
2.903
0
0
0
0
0
0
0
0
0
14.976
109.731
185.517
254.14
318.567
349.112
369.28
365.911
344.378
308.393
249.864
177.532
179.972
64.926
10.408
0
0
0
0
0
0
0
0
3.849
47.338
111.452
182.831
250.762
313.394
131.715
141.573
142.031
132.479
313.697
251.299
177.883
106.535
43.787
2.824
0
0
0
0
0
0
0
0
3.714
14.644
40.558
68.872
96.045
318.927
352.476
370.086
368.592
347.49
546.621
492.679
328.308
173.613
63.956
7.042
0
0
0
0
0
0
0
0
13.852
69.722
192.052
363.82
525.737
658.084
750.324
780.914
688.951
363.606
316.902
259.388
182.693
109.826
65.025
9.67
0
0
0
0
0
0
0
0
8.424
48.807
42.399
71.166
98.085
324.418
358.559
376.005
375.204
346.661
461.581
252.752
179.507
109.504
14.567
3.736
0
0
0
0
0
0
0
0
5.659
48.599
114.857
188.428
260.571
121.186
138.383
145.895
145.607
257.632
313.57
258.337
184.591
111.62
46.715
3.779
0
0
0
0
0
0
0
0
0
15.838
41.182
69.837
96.221
119.051
134.324
142.827
142.329
132.689
117.876
95.97
69.722
41.156
15.761
4.695
0
0
0
0
0
0
0
0
4.749
48.432
113.297
186.952
258.865
324.325
356.05
381.754
383.903
355.836
322.403
262.5
188.522
113.769
49.001
4.724
0
0
0
0
0
0
0
0
0
48.714
115.058
188.86
258.959
324.421
358.521
378.28
378.743
357.953
322.193
210.355
114.474
41.892
15.733
4.672
0
0
0
0
0
0
0
0
0
15.877
111.954
187.112
257.863
327.039
356.407
377.87
144.278
136.937
226.435
255.62
186.114
112.307
48.918
4.55
0
0
0
0
0
0
0
0
13.513
48.549
113.768
186.663
255.703
319.495
348.973
370.931
367.913
346.635
305.232
256.042
182.84
111.792
48.709
5.416
0
0
0
0
0
0
0
0
4.737
15.843
42.174
70.741
259.674
322.429
579.298
721.154
746.025
670.296
610.431
470.6
181.203
111.018
16.071
5.324
0
0
0
0
0
0
0
0
0
15.748
41.954
69.67
96.353
119.23
134.68
142.777
143.649
135.998
118.981
96.933
70.076
42.414
16.37
0
0
0
0
0
0
0
0
0
0.4
33.532
96.658
182.652
250.15
304.058
351.162
654.269
372.271
350.84
308.783
246.008
183.24
162.402
74.697
15.973
0
0
0
0
0
0
0
0
14.234
67.001
110.203
181.212
247.771
446.717
698.65
748.562
746.27
645.808
312.58
249.487
182.092
112
49.739
6.087
0
0
0
0
0
0
0
0
4.694
47.714
136.563
272.889
420.783
564.375
670.381
728.677
367.109
345.309
302.436
242.521
177.574
109.805
48.852
5.931
0
0
0
0
0
0
0
0
12.305
46.63
109.209
179.814
248.089
312.879
344.55
549.429
547.786
620.364
452.561
366.453
182.712
112.352
49.731
15.978
0
0
0
0
0
0
0
0
8.141
59.211
149.091
259.76
252.359
467.857
527.709
555.417
550.379
355.627
306.542
256.838
184.04
112.966
49.922
10.916
0
0
0
0
0
0
0
0
10.688
47.342
112.23
261.602
320.875
310.077
636.195
764.658
733.355
634.35
641.501
518.334
355.216
192.288
75.49
17.335
0
0
0
0
0
0
0
0
0
15.591
109.542
185.006
253.532
469.402
523.768
510.274
446.351
355.401
312.975
97.126
188.765
43.032
51.506
6.229
0
0
0
0
0
0
0
0
3.786
47.078
110.731
183.49
251.737
621.929
713.717
760.405
766.365
719.119
633.415
503.679
345.241
183.12
69.791
14.029
0
0
0
0
0
0
0
0
0
14.869
41.133
183.554
474.926
635.031
712.543
752.685
758.264
714.506
630.359
501.138
347.27
186.167
69.579
16.841
0
0
0
0
0
0
0
0
3.749
46.034
155.735
328.14
507.326
641.576
724.773
757.871
757.62
707.659
616.153
500.202
340.126
185.19
69.231
16.817
0
0
0
0
0
0
0
0
12.212
59.634
178.635
338.924
491.512
614.911
699.365
747.764
752.461
708.767
621.019
501.317
347.271
186.092
69.817
16.829
0
0
0
0
0
0
0
0
12.162
63.706
176.764
332.655
494.027
622.715
713.607
755.591
746.445
700.626
618.39
500.134
348.341
188.208
74.66
16.887
0
0
0
0
0
0
0
0
12.498
63.357
175.577
327.018
469.814
576.432
649.455
703.064
684.031
653.011
578.923
479.434
334.401
181.401
68.627
16.608
0
0
0
0
0
0
0
0
3.857
45.004
40.306
68.203
254.13
313.645
343.798
367.313
368.974
359.393
312.427
261.611
267.073
178.084
77.94
17.031
0
0
0
0
0
0
0
0
11.528
63.74
165.089
322.516
359.565
542.932
522.753
380.025
373.079
352
313.268
262.824
189.207
117.121
52.643
6.341
0
0
0
0
0
0
0
0
2.996
44.091
107.24
179.645
250.006
315.775
359.529
383.928
371.615
363.604
312.693
262.781
233.358
158.826
76.222
13.064
0
0
0
0
0
0
0
0
3.008
14.175
39.288
66.714
250.542
303.775
343.293
551.864
374.644
350.189
307.25
257.004
185.467
114.21
50.988
6.189
0
0
0
0
0
0
0
0
10.703
61.891
173.259
330.581
484.253
583.182
612.304
653.625
642.414
600.995
539.963
251.81
181.716
111.887
49.734
5.951
0
0
0
0
0
0
0
0
10.787
61.43
138.756
174.397
459.547
300.989
343.913
362.455
630.782
593.455
447.187
249.876
179.398
110.1
48.611
15.594
0
0
0
0
0
0
0
0
2.071
40.65
134.099
303.555
463.834
590.755
669.338
704.91
617.989
569.442
518.149
420.803
320.708
182.776
68.782
14.059
0
0
0
0
0
0
0
0
8.962
47.489
160.6
310.727
460.275
574.127
656.757
608.31
655.596
655.005
526.969
246.899
180.98
111.319
48.361
5.149
0
0
0
0
0
0
0
0
8.842
52.929
164.248
309.463
472.575
600.517
679.654
694.006
733.496
693.608
619.802
504.491
349.204
187.753
73.102
14.764
0
0
0
0
0
0
0
0
0
12.025
37.008
64.392
90.883
181.833
277.248
365.444
373.277
573.567
594.647
483.035
353.464
188.239
68.791
14.186
0
0
0
0
0
0
0
0
0
11.371
36.57
64.782
243.527
294.255
677.639
701.323
663.505
531.686
296.7
241.025
175.702
107.96
46.483
13.31
0
0
0
0
0
0
0
0
0
11.415
36.668
63.847
90.118
300.891
337.85
362.779
362.756
343.235
299.458
243.891
178.557
108.871
47.018
4.37
0
0
0
0
0
0
0
0
1.194
36.736
96.547
166.233
232.898
289.803
597.932
535.696
533.135
507.993
537.746
507.999
348.908
185.278
67.212
12.711
0
0
0
0
0
0
0
0
6.287
35.971
95.33
164.906
232.28
289.303
338.429
360.568
365.039
457.433
479.398
430.23
286.851
153.118
61.831
5.25
0
0
0
0
0
0
0
0
0.332
35.118
94.595
165.659
233.383
425.011
476.351
472.2
441.675
379.291
306.846
357.054
219.263
107.278
45.598
3.537
0
0
0
0
0
0
0
0
0.3
34.238
94.216
165.219
234.217
110.505
127.046
136.552
136.549
129.075
307.123
244.14
177.228
106.764
44.448
3.551
0
0
0
0
0
0
0
0
0
33.648
93.021
163.941
231.639
109.904
126.427
378.047
366.251
437.148
446.034
251.677
178.26
107.843
44.36
3.597
0
0
0
0
0
0
0
0
4.664
46.166
154.512
273.831
342.803
300.385
349.559
374.69
139.363
130.536
115.309
93.168
67.244
146.154
64.608
10.965
0
0
0
0
0
0
0
0
0
43.058
135.112
296.631
470.43
600.543
694.17
737.309
734.685
698.866
613.19
495.864
335.624
175.016
60.998
9.922
0
0
0
0
0
0
0
0
3.983
44.466
149.652
308.077
467.423
600.187
686.811
736.955
731.744
694.548
612.607
492.885
336.337
174.974
60.958
10.165
0
0
0
0
0
0
0
0
2.234
31.145
144.513
298.649
461.652
585.036
681.944
718.76
727.292
683.626
591.63
475.743
330.362
176.067
59.99
9.239
0
0
0
0
0
0
0
0
3.069
44.097
144.751
300.69
461.873
591.089
673.022
698.489
659.713
639.082
571.193
478.257
333.1
173.075
59.293
9.274
0
0
0
0
0
0
0
0
0.443
29.213
87.191
153.915
220.694
284.645
316.301
513.102
503.372
469.039
561.7
452.499
331.106
173.514
56.106
4.259
0
0
0
0
0
0
0
0
0
7.858
31.095
58.978
84.581
107.016
122.895
368.736
359.543
341.942
293.397
237.777
123.193
37.434
11.895
0
0
0
0
0
0
0
0
0
0.335
41.079
140.957
286.423
400.962
521.207
598.059
676.616
704.249
600.164
297.546
243.386
169.233
154.873
57.17
1.005
0
0
0
0
0
0
0
0
1.343
26.833
84.106
153.963
83.9
106.882
124.848
134.143
135.179
127.54
111.153
244.02
63.458
36.481
11.743
1.039
0
0
0
0
0
0
0
0
0
25.365
83.525
154.253
224.856
282.223
561.878
696.996
733.543
693.045
599.602
476.918
327.86
166.409
50.802
0.209
0
0
0
0
0
0
0
0
0.499
35.22
110.162
151.378
220.454
278.211
327.69
354.086
354.492
333.202
284.658
231.067
163.945
149.631
53.624
5.096
0
0
0
0
0
0
0
0
0
37.457
122.623
211.27
317.677
470.507
601.166
684.145
691.318
648.278
431.103
237.068
164.067
95.051
34.714
4.294
0
0
0
0
0
0
0
0
0
5.33
79.372
213.359
423.803
415.965
333.555
345.031
713.08
695.271
617.275
419.867
168.265
95.587
33.599
0
0
0
0
0
0
0
0
0
0
5.371
79.251
56.347
83.18
106.235
124.018
134.316
376.629
126.582
111.097
88.364
62.928
95.132
9.534
0
0
0
0
0
0
0
0
0
0
19.955
77.385
147.621
218.102
278.402
331.368
357.203
359.122
335.195
286.404
340.101
233.423
91.735
30.664
2.779
0
0
0
0
0
0
0
0
0
34.489
129.352
283.715
441.152
500.202
330.064
340.58
344.194
333.604
282.852
235.161
160.623
89.996
29.697
0
0
0
0
0
0
0
0
0
0
33.458
125.572
286.54
452.363
584.157
667.763
704.095
701.356
671.961
586.013
465.778
300.353
120.223
47.815
1.834
0
0
0
0
0
0
0
0
0
33.118
125.262
283.301
448.415
583.24
670.668
707.452
708.15
683.708
588.778
474.29
311.521
150.73
45.414
0.986
0
0
0
0
0
0
0
0
0
30.65
125.898
277.522
439.25
566.63
664.955
622.919
515.684
471.853
423.389
226.799
154.183
84.296
25.901
0
0
0
0
0
0
0
0
0
0
14.419
105.304
199.257
208.956
269.662
326.894
534.541
654.928
677.579
615.342
451.271
311.232
135.243
25.221
0.302
0
0
0
0
0
0
0
0
0
13.893
24.788
143.35
213.698
283.1
491.146
634.522
689.637
589.746
540.017
435.549
289.753
137.608
36.934
0
0
0
0
0
0
0
0
0
0
13.414
68.994
137.431
207.593
268.018
312.648
345.901
347.744
328.956
277.58
226.57
151.485
81.079
22.573
0
0
0
0
0
0
0
0
0
0
12.16
66.533
50.04
77.011
99.752
116.609
126.65
127.637
339.006
276.718
219.242
150.761
28.279
5.247
0
0
0
0
0
0
0
0
0
0
1.095
21.869
49.249
209.307
484.973
668.612
723.785
712.815
670.825
575.109
440.525
296.745
137.699
34.433
0
0
0
0
0
0
0
0
0
0
21.108
100.31
134.049
204.732
265.387
307.925
344.302
341.896
320.567
262.99
215.268
149.531
77.782
18.883
0
0
0
0
0
0
0
0
0
0
0.341
63.7
133.642
205.003
265.08
308.841
341.742
345.162
584.171
280.969
214.114
144.819
74.795
17.661
0
0
0
0
0
0
0
0
0
0
0.301
21.314
48.849
75.26
275.312
308.846
343.555
344.981
310.158
269.143
210.466
141.351
72.102
15.737
0
0
0
0
0
0
0
0
0
0
0
20.285
47.647
74.893
271.839
304.687
338.015
614.918
658.037
578.653
442.49
284.563
70.685
15.022
0
0
0
0
0
0
0
0
0
0
0
19.608
47.122
74.292
97.268
314.581
121.979
347.178
497.679
517.222
426.227
272.717
120.447
27.781
0
0
0
0
0
0
0
0
0
0
17.371
103.594
254.508
413.759
546.993
635.183
685.705
692.765
651.824
567.748
438.086
274.057
118.81
25.224
0
0
0
0
0
0
0
0
0
0
8.261
19.228
46.794
362.639
540.96
598.154
588.168
665.119
644.746
556.64
419.058
270.222
115.393
23.98
0
0
0
0
0
0
0
0
0
0
14.568
99.367
249.864
408.563
544.818
637.705
682.816
695.372
645.97
555.472
430.374
265.941
107.274
21.596
0
0
0
0
0
0
0
0
0
0
13.557
96.053
245.513
399.787
533.483
629.974
677.07
681.334
639.458
545.45
424.638
260.626
109.374
20.95
0
0
0
0
0
0
0
0
0
0
3.676
52.312
118.871
188.737
91.439
107.932
117.285
117.373
306.717
252.973
196.225
128.065
60.013
7.532
0
0
0
0
0
0
0
0
0
0
11.463
87.207
229.647
371.799
452.482
477.152
432.124
314.651
549.651
562.661
432.912
262.768
106.636
17.944
0
0
0
0
0
0
0
0
0
0
11.642
92.259
245.164
414.314
547.565
651.992
703.121
674.805
671.344
573.035
431.635
259.85
102.302
5.122
0
0
0
0
0
0
0
0
0
0
0
16.313
43.131
194.863
92.683
109.46
335.407
600.665
659.479
539.633
432.101
256.524
101.103
14.176
0
0
0
0
0
0
0
0
0
0
2.014
48.073
117.403
390.771
466.818
645.22
599.923
329.68
298.79
93.967
201.47
125.63
54.64
4.523
0
0
0
0
0
0
0
0
0
0
2.014
75.257
169.739
192.683
248.196
293.003
324.392
316.956
294.879
266.753
196.363
122.881
52.727
3.667
0
0
0
0
0
0
0
0
0
0
8.203
85.736
238.352
408.563
541.815
651.438
706.097
712.562
650.103
470.2
290.333
122.937
50.803
2.847
0
0
0
0
0
0
0
0
0
0
6.462
82.801
218.108
374.372
457.509
551.266
476.717
320.361
300.976
261.298
199.1
118.904
48.897
2.836
0
0
0
0
0
0
0
0
0
0
6.554
81.173
167.932
189.989
245.69
287.162
595.787
118.363
612.593
557.593
398.673
205.603
47.168
8.857
0
0
0
0
0
0
0
0
0
0
0
13.087
40.142
67.012
90.661
108.266
117.406
117.193
108.338
91.304
67.53
40.966
14.407
1.102
0
0
0
0
0
0
0
0
0
0
5.55
78.122
224.004
325.995
253.947
300.422
325.62
312.241
289.708
255.42
188.319
110.995
42.716
0.287
0
0
0
0
0
0
0
0
0
0
0
40.025
109.892
182.395
253.239
299.55
323.422
323.032
296.473
250.14
185.504
108.736
40.966
0.327
0
0
0
0
0
0
0
0
0
0
3.21
68.671
206.34
365.322
502.009
291.669
317.323
315.326
291.893
245.124
181.906
105.858
38.906
0
0
0
0
0
0
0
0
0
0
0
0
36.65
102.701
173.575
241.181
287.837
312.995
299.048
273.893
229.851
170.777
101.645
10.84
0
0
0
0
0
0
0
0
0
0
0
0
34.681
36.238
173.842
234.008
529.5
619.858
650.067
600.88
541.494
395.288
218.464
67.647
2.748
0
0
0
0
0
0
0
0
0
0
0
33.813
152.418
222.676
244.552
433.272
318.289
110.471
101.899
85.031
120.62
99.822
32.754
1.984
0
0
0
0
0
0
0
0
0
0
0
32.437
99.894
170.955
508.335
631.64
690.102
688.346
619.689
532.182
384.289
207.657
61.411
1.068
0
0
0
0
0
0
0
0
0
0
0.519
58.724
211.931
386.313
533.301
628.743
672.747
665.276
616.57
520.329
374.626
201.386
57.601
0.22
0
0
0
0
0
0
0
0
0
0
0
30.968
97.259
169.784
239.528
285.456
306.939
617.879
521.144
492.961
348.763
174.85
45.042
0
0
0
0
0
0
0
0
0
0
0
0
29.221
94.826
166.528
227.082
284.501
578.076
308.1
283.164
349.579
167.815
89.517
25.183
0
0
0
0
0
0
0
0
0
0
0
0
41.483
131.514
215.627
269.096
272.198
309.169
309.103
282.516
231.603
248.153
159.899
46.824
0
0
0
0
0
0
0
0
0
0
0
0
26.855
92.547
259.307
235.113
281.986
305.292
305.315
276.321
228.173
156.752
86.02
22.113
0
0
0
0
0
0
0
0
0
0
0
0
6.505
32.127
59.014
239.073
281.734
304.296
302.288
275.779
338.668
341.805
82.89
20.423
0
0
0
0
0
0
0
0
0
0
0
0
6.311
89.169
211.131
351.307
483.383
580.358
458.342
460.576
404.305
295.167
149.732
34.559
0
0
0
0
0
0
0
0
0
0
0
0
50.354
203.066
384.784
528.087
631.857
578.652
579.116
608.849
503.661
354.702
175.941
35.958
0
0
0
0
0
0
0
0
0
0
0
0
48.654
198.986
375.331
525.548
622.733
643.122
628.398
586.783
480.417
342.04
164.647
27.966
0
0
0
0
0
0
0
0
0
0
0
0
46.867
193.118
362.988
494.901
589.672
626.045
621.697
567.554
471.65
327.892
162.585
29.149
0
0
0
0
0
0
0
0
0
0
0
0
43.674
189.668
356.345
506.437
604.471
646.926
646.3
589.51
484.378
333.816
159.417
26.679
0
0
0
0
0
0
0
0
0
0
0
0
40.732
185.594
351.82
506.813
612.699
624.66
664.329
609.169
497.793
333.684
158.661
24.494
0
0
0
0
0
0
0
0
0
0
0
0
39.734
185.97
363.05
477.15
584.284
563.082
656.352
501.314
324.647
145.128
22.241
7.945
0
0
0
0
0
0
0
0
0
0
0
0
15.766
123.998
151.594
213.389
271.334
294.131
192.722
89.402
71.858
48.125
21.751
0
0
0
0
0
0
0
0
0
0
0
0
0
26.368
109.711
146.72
207.392
264.77
288.213
286.943
259.505
206.028
132.492
61.565
6.301
0
0
0
0
0
0
0
0
0
0
0
0
13.085
74.473
145.6
206.881
264.083
287.675
284.074
256.124
314.331
303.733
139.01
15.857
0
0
0
0
0
0
0
0
0
0
0
0
12.44
73.292
50.423
73.326
89.57
97.274
96.165
86.677
204.641
127.633
57.036
4.589
0
0
0
0
0
0
0
0
0
0
0
0
10.744
71.462
141.429
202.617
259.045
280.394
94.423
252.997
196.006
124.682
54.93
3.835
0
0
0
0
0
0
0
0
0
0
0
0
0.628
24.143
49.835
107.127
166.796
220.718
255.55
240.252
192.264
120.052
51.617
2.891
0
0
0
0
0
0
0
0
0
0
0
0
9.001
67.092
134.071
194.433
232.786
256.544
250.528
221.003
351.186
280.879
113.165
9.548
0
0
0
0
0
0
0
0
0
0
0
0
7.584
66.118
133.214
192.495
234.38
91.44
89.925
80.607
62.959
39.833
14.667
0
0
0
0
0
0
0
0
0
0
0
0
0
20.032
142.722
131.833
189.995
459.802
579.063
606.07
452.345
183.373
110.618
105.605
6.192
0
0
0
0
0
0
0
0
0
0
0
0
6.457
62.188
130.037
189.385
243.57
264.327
261.588
217.25
170.846
108.346
12.814
0
0
0
0
0
0
0
0
0
0
0
0
0
0
18.66
43.636
65.202
80.423
88.037
86.326
76.097
58.417
36.001
11.908
0
0
0
0
0
0
0
0
0
0
0
0
0
5.5
18.978
43.199
64.852
80.79
87.65
86.96
77.129
59.685
36.278
11.566
0
0
0
0
0
0
0
0
0
0
0
0
0
15.083
146.424
326.676
481.548
576.688
618.841
613.125
548.791
428.847
263.098
93.844
3.771
0
0
0
0
0
0
0
0
0
0
0
0
13.424
118.461
309.4
389.467
363.979
584.704
591.485
423.296
341.571
207.831
55.71
0
0
0
0
0
0
0
0
0
0
0
0
0
3.812
92.174
124.217
370.022
454.609
394.753
254.003
219.612
169.206
161.91
65.949
0
0
0
0
0
0
0
0
0
0
0
0
0
0
16.474
40.803
62.169
227.503
472.605
538.787
473.265
253.762
94.791
30.697
0
0
0
0
0
0
0
0
0
0
0
0
0
2.9
51.152
116.557
174.171
212.876
82.005
80.225
70.455
53.11
30.91
7.771
0
0
0
0
0
0
0
0
0
0
0
0
0
2.128
50.037
117.344
175.534
354.469
258.92
232.363
344.41
326.196
224.222
71.528
0
0
0
0
0
0
0
0
0
0
0
0
0
0
14.93
39.573
60.67
75.945
82.451
80.448
69.232
51.518
28.799
6.149
0
0
0
0
0
0
0
0
0
0
0
0
0
8.271
123.554
285.843
294.009
544.733
618.625
603.297
438.1
399.022
237.726
65.059
0
0
0
0
0
0
0
0
0
0
0
0
0
1.272
45.067
111.054
58.776
222.851
228.367
78.704
67.746
49.918
27.38
4.659
0
0
0
0
0
0
0
0
0
0
0
0
0
0
13.133
36.743
58.728
74.832
82.06
80.274
69.682
51.546
27.426
4.015
0
0
0
0
0
0
0
0
0
0
0
0
0
5.024
93.348
238.3
435.013
543.648
572.202
251.603
204.919
150.403
78.873
38.466
0
0
0
0
0
0
0
0
0
0
0
0
0
5.11
109.914
284.123
429.419
532.205
578.43
559.825
452.841
342.407
204.524
45.397
0
0
0
0
0
0
0
0
0
0
0
0
0
1.462
70.193
103.834
337.317
337.249
521.436
470.064
64.084
346.029
201.401
22.611
0
0
0
0
0
0
0
0
0
0
0
0
0
3.391
102.696
171.085
169.086
212.917
76.324
75.153
63.666
45.864
23.614
1.306
0
0
0
0
0
0
0
0
0
0
0
0
0
0.48
36.081
100.66
158.187
209.357
75.027
72.89
62.747
44.951
22.807
0.458
0
0
0
0
0
0
0
0
0
0
0
0
0
0.451
88.727
265.131
431.361
539.818
576.616
354.98
196.229
136.968
67.182
0.454
0
0
0
0
0
0
0
0
0
0
0
0
0
0.661
32.253
95.736
261.934
453.111
498.769
491.457
385.283
213.822
167.495
27.092
0
0
0
0
0
0
0
0
0
0
0
0
0
0
50.828
155.011
249.314
200.164
219.577
213.774
182.245
124.006
61.154
7.093
0
0
0
0
0
0
0
0
0
0
0
0
0
0
76.757
201.38
246.829
194.979
212.81
208.198
177.359
39.509
17.985
6.268
0
0
0
0
0
0
0
0
0
0
0
0
0
0
26.596
28.44
48.521
62.674
68.435
66.787
55.852
39.075
17.246
0
0
0
0
0
0
0
0
0
0
0
0
0
0
0
24.753
86.726
143.548
312.68
483.058
223.083
174.432
116.21
54.933
9.023
0
0
0
0
0
0
0
0
0
0
0
0
0
0
74.022
243.705
386.795
455.222
496.927
482.606
437.739
296.963
146.747
13.88
0
0
0
0
0
0
0
0
0
0
0
0
0
0
23.2
85.493
141.754
61.503
68.325
211.748
173.336
37.143
50.918
0
0
0
0
0
0
0
0
0
0
0
0
0
0
0
52.617
222.042
377.984
395.874
488.056
511.463
440.633
316.214
150.439
10.947
0
0
0
0
0
0
0
0
0
0
0
0
0
0
67.723
231.522
385.159
480.675
325.247
447.971
386.379
303.548
145.171
9.028
0
0
0
0
0
0
0
0
0
0
0
0
0
0
3.187
24.901
44.643
57.895
64.303
199.014
51.176
34.311
13.181
0
0
0
0
0
0
0
0
0
0
0
0
0
0
0
2.983
23.447
42.869
56.067
61.669
58.947
48.909
100.859
12.084
0.327
0
0
0
0
0
0
0
0
0
0
0
0
0
0
52.541
220.911
378.079
478.882
521.448
488.191
415.54
295.397
131.716
5.664
0
0
0
0
0
0
0
0
0
0
0
0
0
0
24.039
130.085
236.477
278.646
304.21
291.521
337.816
235.481
38.975
0
0
0
0
0
0
0
0
0
0
0
0
0
0
0
1.388
21.256
40.93
54.218
59.903
57.226
46.955
30.086
9.745
0
0
0
0
0
0
0
0
0
0
0
0
0
0
0
0.414
19.985
38.568
52.003
58.663
55.909
45.836
29.082
9.739
0
0
0
0
0
0
0
0
0
0
0
0
0
0
0
9.264
62.667
116.552
165.336
58.14
182.932
145.399
88.619
32.272
0
0
0
0
0
0
0
0
0
0
0
0
0
0
0
31.807
150.614
246.711
274.527
252.774
178.012
146.89
89.403
30.857
0.654
0
0
0
0
0
0
0
0
0
0
0
0
0
0
21.74
144.372
280.932
403.1
199.228
177.068
364.824
217.63
103.784
0
0
0
0
0
0
0
0
0
0
0
0
0
0
0
20.751
111.414
214.377
271.137
298.799
286.977
237.783
189.648
69.7
0
0
0
0
0
0
0
0
0
0
0
0
0
0
0
30.456
170.402
340.392
445.605
484.593
462.063
386.325
260.88
50.362
0
0
0
0
0
0
0
0
0
0
0
0
0
0
0
23.232
159.768
276.485
336.103
288.145
268.535
308.001
234.136
51.844
0
0
0
0
0
0
0
0
0
0
0
0
0
0
0
5.359
54.467
35.214
162.034
53.967
51.216
40.889
78.919
22.701
0
0
0
0
0
0
0
0
0
0
0
0
0
0
0
4.056
49.292
100.5
147.315
164.502
159.002
121.298
74.077
21.315
0
0
0
0
0
0
0
0
0
0
0
0
0
0
0
3.93
47.17
98.431
146.915
163.741
157.734
120.24
72.58
19.491
0
0
0
0
0
0
0
0
0
0
0
0
0
0
0
0.512
45.701
97.228
136.83
51.027
48.557
39.154
22.863
3.935
0
0
0
0
0
0
0
0
0
0
0
0
0
0
0
2.142
12.354
101.103
130.773
48.491
152.742
114.004
21.349
16.54
0
0
0
0
0
0
0
0
0
0
0
0
0
0
0
1.286
41.37
92.794
41.796
162.358
151.156
112.266
67.415
15.699
0
0
0
0
0
0
0
0
0
0
0
0
0
0
0
1.307
39.593
201.626
349.701
423.775
333.082
204.966
65.942
14.863
0
0
0
0
0
0
0
0
0
0
0
0
0
0
0
0
10.999
28.019
41.655
154.056
318.753
201.092
65.971
14.128
0
0
0
0
0
0
0
0
0
0
0
0
0
0
0
0.481
36.061
87.519
125.142
153.489
258.098
314.679
213.104
12.326
0
0
0
0
0
0
0
0
0
0
0
0
0
0
0
1.351
35.166
170.629
345.533
405.035
153.455
109.801
19.558
1.418
0
0
0
0
0
0
0
0
0
0
0
0
0
0
0
0
82.062
276.721
349.552
414.895
405.426
345.227
221.376
55.89
0
0
0
0
0
0
0
0
0
0
0
0
0
0
0
3.75
99.636
292.763
396.823
439.995
422.967
347.359
219.284
54.839
0
0
0
0
0
0
0
0
0
0
0
0
0
0
0
1.71
89.578
226.669
379.719
433.182
406.786
275.882
169.625
33.76
0
0
0
0
0
0
0
0
0
0
0
0
0
0
0
1.94
105.696
188.04
129.635
137.018
130.416
102.894
57.385
10.01
0
0
0
0
0
0
0
0
0
0
0
0
0
0
0
0
26.86
77.928
117.195
135.573
130.361
31.475
16.867
9.109
0
0
0
0
0
0
0
0
0
0
0
0
0
0
0
0
24.668
73.981
35.547
41.547
135.107
97.73
53.832
8.181
0
0
0
0
0
0
0
0
0
0
0
0
0
0
0
0
24.507
74.247
112.173
129.479
124.563
97.355
14.969
8.204
0
0
0
0
0
0
0
0
0
0
0
0
0
0
0
0
22.665
70.952
109.59
128.246
122.902
96.579
50.973
0
0
0
0
0
0
0
0
0
0
0
0
0
0
0
0
0
20.676
68.395
107.23
124.925
120.537
94.205
49.779
7.279
0
0
0
0
0
0
0
0
0
0
0
0
0
0
0
0
3.99
20.41
33.326
39.15
130.269
94.203
49.429
29.231
0
0
0
0
0
0
0
0
0
0
0
0
0
0
0
0
19.04
67.37
161.234
228.812
216.061
249.94
99.024
15.968
0
0
0
0
0
0
0
0
0
0
0
0
0
0
0
0
17.128
65.014
207.066
220.724
213.301
98.396
47.336
5.63
0
0
0
0
0
0
0
0
0
0
0
0
0
0
0
0
16.249
64.109
101.975
120.828
229.851
168.919
46.611
5.669
0
0
0
0
0
0
0
0
0
0
0
0
0
0
0
0
2.348
19.001
32.053
38.121
37.165
27.55
46.16
5.765
0
0
0
0
0
0
0
0
0
0
0
0
0
0
0
0
36.866
174.868
234.206
201.932
313.604
264.804
133.491
10.653
0
0
0
0
0
0
0
0
0
0
0
0
0
0
0
0
24.125
164.106
166.377
197.647
190.586
78.319
71.132
10.652
0
0
0
0
0
0
0
0
0
0
0
0
0
0
0
0
23.566
161.404
164.11
198.575
261.851
257.555
140.033
10.663
0
0
0
0
0
0
0
0
0
0
0
0
0
0
0
0
39.817
168.027
288.226
325.363
318.35
261.367
140.465
10.526
0
0
0
0
0
0
0
0
0
0
0
0
0
0
0
0
37.252
157.559
279.352
313.306
310.563
145.476
35.167
2.263
0
0
0
0
0
0
0
0
0
0
0
0
0
0
0
0
7.824
47.23
84.239
104.748
100.853
194.876
92.916
8.616
0
0
0
0
0
0
0
0
0
0
0
0
0
0
0
0
36.723
134.763
280.317
312.053
308.642
144.861
35.003
5.118
0
0
0
0
0
0
0
0
0
0
0
0
0
0
0
0
0
12.597
24.619
31.521
30.636
22.018
9.076
0
0
0
0
0
0
0
0
0
0
0
0
0
0
0
0
0
15.541
103.278
79.482
30.727
29.911
22.223
9.203
0
0
0
0
0
0
0
0
0
0
0
0
0
0
0
0
0
5.941
44.345
82.151
262.84
313.606
197.704
34.268
1.566
0
0
0
0
0
0
0
0
0
0
0
0
0
0
0
0
6.478
44.902
82.732
296.27
296.993
143.69
64.931
1.627
0
0
0
0
0
0
0
0
0
0
0
0
0
0
0
0
0
12.369
24.865
31.911
31.024
22.982
9.572
1.554
0
0
0
0
0
0
0
0
0
0
0
0
0
0
0
0
13.521
111.276
203.804
300.452
259.089
71.378
32.614
1.417
0
0
0
0
0
0
0
0
0
0
0
0
0
0
0
0
5.005
40.01
76.941
30.417
30.444
22.549
9.426
0
0
0
0
0
0
0
0
0
0
0
0
0
0
0
0
0
0
11.027
23.199
30.133
29.2
69.823
62.377
8.5
0
0
0
0
0
0
0
0
0
0
0
0
0
0
0
0
7.739
38.002
74.739
95.399
93.745
69.792
32.733
1.433
0
0
0
0
0
0
0
0
0
0
0
0
0
0
0
0
0
10.425
22.58
29.363
93.697
69.38
62.486
7.547
0
0
0
0
0
0
0
0
0
0
0
0
0
0
0
0
0
36.848
22.431
95.918
94.477
70.405
32.764
0
0
0
0
0
0
0
0
0
0
0
0
0
0
0
0
0
3.09
35.207
71.046
92.782
92.04
21.184
8.261
1.356
0
0
0
0
0
0
0
0
0
0
0
0
0
0
0
0
0
9.173
22.182
93.365
91.768
68.981
32.2
1.322
0
0
0
0
0
0
0
0
0
0
0
0
0
0
0
0
3.196
116.197
71.945
94.08
92.388
184.964
32.437
2.302
0
0
0
0
0
0
0
0
0
0
0
0
0
0
0
0
0
9.151
22.041
28.871
92.402
21.011
9.016
7.429
0
0
0
0
0
0
0
0
0
0
0
0
0
0
0
0
2.195
34.126
69.444
91.082
230.533
228.253
32.897
0
0
0
0
0
0
0
0
0
0
0
0
0
0
0
0
0
0
8.946
20.819
28.423
28.404
20.828
8.908
0
0
0
0
0
0
0
0
0
0
0
0
0
0
0
0
0
0
33.044
69.068
90.765
90.663
69.172
33.868
2.156
0
0
0
0
0
0
0
0
0
0
0
0
0
0
0
0
10.624
121.914
237.742
316.094
294.532
145.126
145.489
11.61
0
0
0
0
0
0
0
0
0
0
0
0
0
0
0
0
0
9.01
20.98
28.65
28.566
71.136
34.676
2.989
0
0
0
0
0
0
0
0
0
0
0
0
0
0
0
0
0
9.079
70.597
92.258
177.352
71.814
69.163
6.549
0
0
0
0
0
0
0
0
0
0
0
0
0
0
0
0
0
9.294
22.289
29.204
30.036
74.09
10.093
3.153
0
0
0
0
0
0
0
0
0
0
0
0
0
0
0
0
7.801
33.893
189.53
318.63
308.874
269.31
155.11
13.909
0
0
0
0
0
0
0
0
0
0
0
0
0
0
0
0
2.379
9.389
73.811
96.531
97.253
75.6
38.251
4.001
0
0
0
0
0
0
0
0
